	masa A		
t	x	y	
0,000	3,541E-2	0,117
0,033		
0,067		
0,100		
0,133		
0,167		
0,200		
0,233		
0,267		
0,300		
0,333		
0,367		
0,400		
0,433		
0,467		
0,500	3,572E-2	0,116
0,533		
0,567		
0,600		
0,633		
0,667		
0,700		
0,733		
0,767		
0,800		
0,833		
0,867		
0,900		
0,933		
0,967		
1,000	3,577E-2	0,113
1,033		
1,067		
1,100		
1,133		
1,167		
1,200		
1,233		
1,267		
1,300		
1,333		
1,367		
1,400		
1,433		
1,467		
1,500	3,567E-2	0,112
1,533		
1,567		
1,600		
1,633		
1,667		
1,700		
1,733		
1,767		
1,800		
1,833		
1,867		
1,900		
1,933		
1,967		
2,000	3,591E-2	0,112
2,033		
2,067		
2,100		
2,133		
2,167		
2,200		
2,233		
2,267		
2,300		
2,333		
2,367		
2,400		
2,433		
2,467		
2,500	3,574E-2	0,111
2,533		
2,567		
2,600		
2,633		
2,667		
2,700		
2,733		
2,767		
2,800		
2,833		
2,867		
2,900		
2,933		
2,967		
3,000	3,607E-2	0,111
3,033		
3,067		
3,100		
3,133		
3,167		
3,200		
3,233		
3,267		
3,300		
3,333		
3,367		
3,400		
3,433		
3,467		
3,500	3,597E-2	0,110
3,533		
3,567		
3,600		
3,633		
3,667		
3,700		
3,733		
3,767		
3,800		
3,833		
3,867		
3,900		
3,933		
3,967		
4,000	3,588E-2	0,109
4,033		
4,067		
4,100		
4,133		
4,167		
4,200		
4,233		
4,267		
4,300		
4,333		
4,367		
4,400		
4,433		
4,467		
4,500	3,578E-2	0,109
4,533		
4,567		
4,600		
4,633		
4,667		
4,700		
4,733		
4,767		
4,800		
4,833		
4,867		
4,900		
4,933		
4,967		
5,000	3,577E-2	0,108
5,033		
5,067		
5,100		
5,133		
5,167		
5,200		
5,233		
5,267		
5,300		
5,333		
5,367		
5,400		
5,433		
5,467		
5,500	3,542E-2	0,107
5,533		
5,567		
5,600		
5,633		
5,667		
5,700		
5,733		
5,767		
5,800		
5,833		
5,867		
5,900		
5,933		
5,967		
6,000	3,532E-2	0,107
6,033		
6,067		
6,100		
6,133		
6,167		
6,200		
6,233		
6,267		
6,300		
6,333		
6,367		
6,400		
6,433		
6,467		
6,500	3,506E-2	0,106
6,533		
6,567		
6,600		
6,633		
6,667		
6,700		
6,733		
6,767		
6,800		
6,833		
6,867		
6,900		
6,933		
6,967		
7,000	3,471E-2	0,105
7,033		
7,067		
7,100		
7,133		
7,167		
7,200		
7,233		
7,267		
7,300		
7,333		
7,367		
7,400		
7,433		
7,467		
7,500	3,470E-2	0,105
7,533		
7,567		
7,600		
7,633		
7,667		
7,700		
7,733		
7,767		
7,800		
7,833		
7,867		
7,900		
7,933		
7,967		
8,000	3,469E-2	0,104
8,033		
8,067		
8,100		
8,133		
8,167		
8,200		
8,233		
8,267		
8,300		
8,333		
8,367		
8,400		
8,433		
8,467		
8,500	3,467E-2	0,103
8,533		
8,567		
8,600		
8,633		
8,667		
8,700		
8,733		
8,767		
8,800		
8,833		
8,867		
8,900		
8,933		
8,967		
9,000	3,458E-2	0,103
9,033		
9,067		
9,100		
9,133		
9,167		
9,200		
9,233		
9,267		
9,300		
9,333		
9,367		
9,400		
9,433		
9,467		
9,500	3,406E-2	0,102
9,533		
9,567		
9,600		
9,633		
9,667		
9,700		
9,733		
9,767		
9,800		
9,833		
9,867		
9,900		
9,933		
9,967		
10,000	3,405E-2	0,102
10,033		
10,067		
10,100		
10,133		
10,167		
10,200		
10,233		
10,267		
10,300		
10,333		
10,367		
10,400		
10,433		
10,467		
10,500	3,404E-2	0,101
10,533		
10,567		
10,600		
10,633		
10,667		
10,700		
10,733		
10,767		
10,800		
10,833		
10,867		
10,900		
10,933		
10,967		
11,000	3,412E-2	0,100
11,033		
11,067		
11,100		
11,133		
11,167		
11,200		
11,233		
11,267		
11,300		
11,333		
11,367		
11,400		
11,433		
11,467		
11,500	3,411E-2	9,991E-2
11,533		
11,567		
11,600		
11,633		
11,667		
11,700		
11,733		
11,767		
11,800		
11,833		
11,867		
11,900		
11,933		
11,967		
12,000	3,410E-2	9,940E-2
12,033		
12,067		
12,100		
12,133		
12,167		
12,200		
12,233		
12,267		
12,300		
12,333		
12,367		
12,400		
12,433		
12,467		
12,500	3,418E-2	9,864E-2
12,533		
12,567		
12,600		
12,633		
12,667		
12,700		
12,733		
12,767		
12,800		
12,833		
12,867		
12,900		
12,933		
12,967		
13,000	3,391E-2	9,788E-2
13,033		
13,067		
13,100		
13,133		
13,167		
13,200		
13,233		
13,267		
13,300		
13,333		
13,367		
13,400		
13,433		
13,467		
13,500	3,407E-2	9,720E-2
13,533		
13,567		
13,600		
13,633		
13,667	3,382E-2	9,737E-2
13,700		
13,733		
13,767		
13,800		
13,833		
13,867		
13,900		
13,933		
13,967		
14,000	3,372E-2	9,704E-2
14,033		
14,067		
14,100		
14,133		
14,167	3,405E-2	9,635E-2
14,200		
14,233		
14,267		
14,300		
14,333	3,406E-2	9,678E-2
14,367		
14,400		
14,433		
14,467		
14,500	3,405E-2	9,635E-2
14,533		
14,567		
14,600		
14,633		
14,667	3,405E-2	9,618E-2
14,700		
14,733		
14,767		
14,800		
14,833	3,405E-2	9,601E-2
14,867		
14,900		
14,933		
14,967		
15,000	3,413E-2	9,584E-2
15,033		
15,067		
15,100		
15,133		
15,167	3,413E-2	9,559E-2
15,200		
15,233		
15,267		
15,300		
15,333	3,412E-2	9,542E-2
15,367		
15,400		
15,433		
15,467		
15,500	3,420E-2	9,516E-2
15,533		
15,567		
15,600		
15,633		
15,667	3,420E-2	9,491E-2
15,700		
15,733		
15,767		
15,800		
15,833	3,436E-2	9,465E-2
15,867		
15,900		
15,933		
15,967		
16,000	3,436E-2	9,457E-2
16,033		
16,067		
16,100		
16,133		
16,167	3,436E-2	9,448E-2
16,200		
16,233		
16,267		
16,300		
16,333	3,436E-2	9,423E-2
16,367		
16,400		
16,433		
16,467		
16,500	3,435E-2	9,406E-2
16,533		
16,567		
16,600		
16,633		
16,667	3,435E-2	9,389E-2
16,700		
16,733		
16,767		
16,800		
16,833	3,435E-2	9,372E-2
16,867		
16,900		
16,933		
16,967		
17,000	3,435E-2	9,355E-2
17,033		
17,067		
17,100		
17,133		
17,167	3,434E-2	9,338E-2
17,200		
17,233		
17,267		
17,300		
17,333	3,434E-2	9,321E-2
17,367		
17,400		
17,433		
17,467		
17,500	3,434E-2	9,296E-2
17,533		
17,567		
17,600		
17,633		
17,667	3,433E-2	9,270E-2
17,700		
17,733		
17,767		
17,800		
17,833	3,433E-2	9,245E-2
17,867		
17,900		
17,933		
17,967		
18,000	3,433E-2	9,245E-2
18,033		
18,067		
18,100		
18,133		
18,167	3,432E-2	9,219E-2
18,200		
18,233		
18,267		
18,300		
18,333	3,432E-2	9,211E-2
18,367		
18,400		
18,433		
18,467		
18,500	3,432E-2	9,185E-2
18,533		
18,567		
18,600		
18,633		
18,667	3,440E-2	9,177E-2
18,700		
18,733		
18,767		
18,800		
18,833	3,440E-2	9,143E-2
18,867		
18,900		
18,933		
18,967		
19,000	3,439E-2	9,118E-2
19,033		
19,067		
19,100		
19,133		
19,167	3,439E-2	9,118E-2
19,200		
19,233		
19,267		
19,300		
19,333	3,439E-2	9,092E-2
19,367		
19,400		
19,433		
19,467		
19,500	3,438E-2	9,075E-2
19,533		
19,567		
19,600		
19,633		
19,667	3,438E-2	9,041E-2
19,700		
19,733		
19,767		
19,800		
19,833	3,438E-2	9,033E-2
19,867		
19,900		
19,933		
19,967		
20,000	3,454E-2	9,007E-2
20,033		
20,067		
20,100		
20,133		
20,167	3,454E-2	8,990E-2
20,200		
20,233		
20,267		
20,300		
20,333	3,446E-2	8,990E-2
20,367		
20,400		
20,433		
20,467		
20,500	3,445E-2	8,973E-2
20,533		
20,567		
20,600		
20,633		
20,667	3,454E-2	8,973E-2
20,700		
20,733		
20,767		
20,800		
20,833	3,462E-2	8,939E-2
20,867		
20,900		
20,933		
20,967		
21,000	3,461E-2	8,922E-2
21,033		
21,067		
21,100		
21,133		
21,167	3,461E-2	8,922E-2
21,200		
21,233		
21,267		
21,300		
21,333	3,470E-2	8,905E-2
21,367		
21,400		
21,433		
21,467		
21,500	3,469E-2	8,871E-2
21,533		
21,567		
21,600		
21,633		
21,667	3,469E-2	8,871E-2
21,700		
21,733		
21,767		
21,800		
21,833	3,477E-2	8,837E-2
21,867		
21,900		
21,933		
21,967		
22,000	3,485E-2	8,820E-2
22,033		
22,067		
22,100		
22,133		
22,167	3,485E-2	8,803E-2
22,200		
22,233		
22,267		
22,300		
22,333	3,485E-2	8,795E-2
22,367		
22,400		
22,433		
22,467		
22,500	3,484E-2	8,769E-2
22,533		
22,567		
22,600		
22,633		
22,667	3,493E-2	8,761E-2
22,700		
22,733		
22,767		
22,800		
22,833	3,501E-2	8,735E-2
22,867		
22,900		
22,933		
22,967		
23,000	3,509E-2	8,726E-2
23,033		
23,067		
23,100		
23,133		
23,167	3,509E-2	8,709E-2
23,200		
23,233		
23,267		
23,300		
23,333	3,525E-2	8,692E-2
23,367		
23,400		
23,433		
23,467		
23,500	3,525E-2	8,667E-2
23,533		
23,567		
23,600		
23,633		
23,667	3,525E-2	8,658E-2
23,700		
23,733		
23,767		
23,800		
23,833	3,525E-2	8,641E-2
23,867		
23,900		
23,933		
23,967		
24,000	3,525E-2	8,641E-2
24,033		
24,067		
24,100		
24,133		
24,167	3,533E-2	8,616E-2
24,200		
24,233		
24,267		
24,300		
24,333	3,532E-2	8,599E-2
24,367		
24,400		
24,433		
24,467		
24,500	3,532E-2	8,573E-2
24,533		
24,567		
24,600		
24,633		
24,667	3,532E-2	8,556E-2
24,700		
24,733		
24,767		
24,800		
24,833	3,523E-2	8,540E-2
24,867		
24,900		
24,933		
24,967		
25,000	3,523E-2	8,531E-2
25,033		
25,067		
25,100		
25,133		
25,167	3,523E-2	8,523E-2
25,200		
25,233		
25,267		
25,300		
25,333	3,522E-2	8,506E-2
25,367		
25,400		
25,433		
25,467		
25,500	3,531E-2	8,497E-2
25,533		
25,567		
25,600		
25,633		
25,667	3,530E-2	8,446E-2
25,700		
25,733		
25,767		
25,800		
25,833	3,530E-2	8,429E-2
25,867		
25,900		
25,933		
25,967		
26,000	3,530E-2	8,429E-2
26,033		
26,067		
26,100		
26,133		
26,167	3,530E-2	8,421E-2
26,200		
26,233		
26,267		
26,300		
26,333	3,538E-2	8,395E-2
26,367		
26,400		
26,433		
26,467		
26,500	3,537E-2	8,387E-2
26,533		
26,567		
26,600		
26,633		
26,667	3,545E-2	8,361E-2
26,700		
26,733		
26,767		
26,800		
26,833	3,545E-2	8,353E-2
26,867		
26,900		
26,933		
26,967		
27,000	3,562E-2	8,327E-2
27,033		
27,067		
27,100		
27,133		
27,167	3,562E-2	8,327E-2
27,200		
27,233		
27,267		
27,300		
27,333	3,562E-2	8,310E-2
27,367		
27,400		
27,433		
27,467		
27,500	3,570E-2	8,293E-2
27,533		
27,567		
27,600		
27,633		
27,666	3,578E-2	8,284E-2
27,700		
27,733		
27,766		
27,800		
27,833	3,577E-2	8,242E-2
27,866		
27,900		
27,933		
27,966		
28,000	3,594E-2	8,216E-2
28,033		
28,066		
28,100		
28,133		
28,166	3,594E-2	8,191E-2
28,200		
28,233		
28,266		
28,300		
28,333	3,594E-2	8,199E-2
28,366		
28,400		
28,433		
28,466		
28,500	3,611E-2	8,191E-2
28,533		
28,566		
28,600		
28,633		
28,666	3,610E-2	8,165E-2
28,700		
28,733		
28,766		
28,800		
28,833	3,661E-2	8,164E-2
28,866		
28,900		
28,933		
28,966		
29,000	3,611E-2	8,224E-2
29,033		
29,066		
29,100		
29,133		
29,166	3,618E-2	8,156E-2
29,200		
29,233		
29,266		
29,300		
29,333	3,626E-2	8,122E-2
29,366		
29,400		
29,433		
29,466		
29,500	3,626E-2	8,105E-2
29,533		
29,566		
29,600		
29,633		
29,666	3,626E-2	8,089E-2
29,700		
29,733		
29,766		
29,800		
29,833	3,634E-2	8,080E-2
29,866		
29,900		
29,933		
29,966		
30,000	3,634E-2	8,055E-2
30,033		
30,066		
30,100		
30,133		
30,166	3,651E-2	8,054E-2
30,200		
30,233		
30,266		
30,300		
30,333	3,659E-2	8,020E-2
30,366		
30,400		
30,433		
30,466		
30,500	3,658E-2	8,003E-2
30,533		
30,566		
30,600		
30,633		
30,666	3,658E-2	7,986E-2
30,700		
30,733		
30,766		
30,800		
30,833	3,683E-2	7,977E-2
30,866		
30,900		
30,933		
30,966		
31,000	3,683E-2	7,977E-2
31,033		
31,066		
31,100		
31,133		
31,166	3,691E-2	7,952E-2
31,200		
31,233		
31,266		
31,300		
31,333	3,700E-2	7,935E-2
31,366		
31,400		
31,433		
31,466		
31,500	3,708E-2	7,918E-2
31,533		
31,566		
31,600		
31,633		
31,666	3,707E-2	7,884E-2
31,700		
31,733		
31,766		
31,800		
31,833	3,724E-2	7,883E-2
31,866		
31,900		
31,933		
31,966		
32,000	3,724E-2	7,858E-2
32,033		
32,066		
32,100		
32,133		
32,166	3,723E-2	7,833E-2
32,200		
32,233		
32,266		
32,300		
32,333	3,723E-2	7,807E-2
32,366		
32,400		
32,433		
32,466		
32,500	3,689E-2	7,799E-2
32,533		
32,566		
32,600		
32,633		
32,666	3,689E-2	7,782E-2
32,700		
32,733		
32,766		
32,800		
32,833	3,697E-2	7,748E-2
32,866		
32,900		
32,933		
32,966		
33,000	3,705E-2	7,748E-2
33,033		
33,066		
33,100		
33,133		
33,166	3,705E-2	7,723E-2
33,200		
33,233		
33,266		
33,300		
33,333	3,704E-2	7,714E-2
33,366		
33,400		
33,433		
33,466		
33,500	3,704E-2	7,689E-2
33,533		
33,566		
33,600		
33,633		
33,666	3,721E-2	7,672E-2
33,700		
33,733		
33,766		
33,800		
33,833	3,720E-2	7,646E-2
33,866		
33,900		
33,933		
33,966		
34,000	3,694E-2	7,613E-2
34,033		
34,066		
34,100		
34,133		
34,166	3,694E-2	7,596E-2
34,200		
34,233		
34,266		
34,300		
34,333	3,694E-2	7,579E-2
34,366		
34,400		
34,433		
34,466		
34,500	3,702E-2	7,562E-2
34,533		
34,566		
34,600		
34,633		
34,666	3,702E-2	7,545E-2
34,700		
34,733		
34,766		
34,800		
34,833	3,701E-2	7,528E-2
34,866		
34,900		
34,933		
34,966		
35,000	3,701E-2	7,494E-2
35,033		
35,066		
35,100		
35,133		
35,166	3,701E-2	7,477E-2
35,200		
35,233		
35,266		
35,300		
35,333	3,701E-2	7,477E-2
35,366		
35,400		
35,433		
35,466		
35,500	3,700E-2	7,443E-2
35,533		
35,566		
35,600		
35,633		
35,666	3,700E-2	7,418E-2
35,700		
35,733		
35,766		
35,800		
35,833	3,691E-2	7,409E-2
35,866		
35,900		
35,933		
35,966		
36,000	3,691E-2	7,401E-2
36,033		
36,066		
36,100		
36,133		
36,166	3,690E-2	7,375E-2
36,200		
36,233		
36,266		
36,300		
36,333	3,690E-2	7,367E-2
36,366		
36,400		
36,433		
36,466		
36,500	3,698E-2	7,341E-2
36,533		
36,566		
36,600		
36,633		
36,666	3,698E-2	7,333E-2
36,700		
36,733		
36,766		
36,800		
36,833	3,698E-2	7,316E-2
36,866		
36,900		
36,933		
36,966		
37,000	3,698E-2	7,307E-2
37,033		
37,066		
37,100		
37,133		
37,166	3,697E-2	7,282E-2
37,200		
37,233		
37,266		
37,300		
37,333	3,697E-2	7,265E-2
37,366		
37,400		
37,433		
37,466		
37,500	3,696E-2	7,223E-2
37,533		
37,566		
37,600		
37,633		
37,666	3,696E-2	7,206E-2
37,700		
37,733		
37,766		
37,800		
37,833	3,705E-2	7,214E-2
37,866		
37,900		
37,933		
37,966		
38,000	3,704E-2	7,197E-2
38,033		
38,066		
38,100		
38,133		
38,166	3,713E-2	7,180E-2
38,200		
38,233		
38,266		
38,300		
38,333	3,712E-2	7,163E-2
38,366		
38,400		
38,433		
38,466		
38,500	3,712E-2	7,146E-2
38,533		
38,566		
38,600		
38,633		
38,666	3,712E-2	7,129E-2
38,700		
38,733		
38,766		
38,800		
38,833	3,712E-2	7,112E-2
38,866		
38,900		
38,933		
38,966		
39,000	3,711E-2	7,095E-2
39,033		
39,066		
39,100		
39,133		
39,166	3,711E-2	7,078E-2
39,200		
39,233		
39,266		
39,300		
39,333	3,711E-2	7,070E-2
39,366		
39,400		
39,433		
39,466		
39,500	3,710E-2	7,044E-2
39,533		
39,566		
39,600		
39,633		
39,666	3,710E-2	7,036E-2
39,700		
39,733		
39,766		
39,800		
39,833	3,710E-2	7,036E-2
39,866		
39,900		
39,933		
39,966		
40,000	3,693E-2	7,028E-2
40,033		
40,066		
40,100		
40,133		
40,166	3,693E-2	7,002E-2
40,200		
40,233		
40,266		
40,300		
40,333	3,692E-2	6,977E-2
40,366		
40,400		
40,433		
40,466		
40,500	3,692E-2	6,960E-2
40,533		
40,566		
40,600		
40,633		
40,666	3,692E-2	6,951E-2
40,700		
40,733		
40,766		
40,800		
40,833	3,692E-2	6,934E-2
40,866		
40,900		
40,933		
40,966		
41,000	3,691E-2	6,900E-2
41,033		
41,066		
41,100		
41,133		
41,166	3,691E-2	6,884E-2
41,200		
41,233		
41,266		
41,300		
41,333	3,725E-2	6,900E-2
41,366		
41,400		
41,433		
41,466		
41,500	3,725E-2	6,874E-2
41,533		
41,566		
41,600		
41,633		
41,666	3,724E-2	6,866E-2
41,700		
41,733		
41,766		
41,800		
41,833	3,724E-2	6,849E-2
41,866		
41,900		
41,933		
41,966		
42,000	3,724E-2	6,832E-2
42,033		
42,066		
42,100		
42,133		
42,166	3,732E-2	6,807E-2
42,200		
42,233		
42,266		
42,300		
42,333	3,732E-2	6,807E-2
42,366		
42,400		
42,433		
42,466		
42,500	3,740E-2	6,798E-2
42,533		
42,566		
42,600		
42,633		
42,666	3,740E-2	6,772E-2
42,700		
42,733		
42,766		
42,800		
42,833	3,739E-2	6,747E-2
42,866		
42,900		
42,933		
42,966		
43,000	3,739E-2	6,747E-2
43,033		
43,066		
43,100		
43,133		
43,166	3,739E-2	6,730E-2
43,200		
43,233		
43,266		
43,300		
43,333	3,739E-2	6,722E-2
43,366		
43,400		
43,433		
43,466		
43,500	3,739E-2	6,696E-2
43,533		
43,566		
43,600		
43,633		
43,666	3,739E-2	6,696E-2
43,700		
43,733		
43,766		
43,800		
43,833	3,738E-2	6,671E-2
43,866		
43,900		
43,933		
43,966		
44,000	3,738E-2	6,662E-2
44,033		
44,066		
44,100		
44,133		
44,166	3,738E-2	6,654E-2
44,200		
44,233		
44,266		
44,300		
44,333	3,738E-2	6,628E-2
44,366		
44,400		
44,433		
44,466		
44,500	3,738E-2	6,628E-2
44,533		
44,566		
44,600		
44,633		
44,666	3,737E-2	6,611E-2
44,700		
44,733		
44,766		
44,800		
44,833	3,737E-2	6,594E-2
44,866		
44,900		
44,933		
44,966		
45,000	3,737E-2	6,569E-2
45,033		
45,066		
45,100		
45,133		
45,166	3,737E-2	6,569E-2
45,200		
45,233		
45,266		
45,300		
45,333	3,736E-2	6,552E-2
45,366		
45,400		
45,433		
45,466		
45,500	3,736E-2	6,535E-2
45,533		
45,566		
45,600		
45,633		
45,666	3,736E-2	6,518E-2
45,700		
45,733		
45,766		
45,800		
45,833	3,744E-2	6,493E-2
45,866		
45,900		
45,933		
45,966		
46,000	3,744E-2	6,493E-2
46,033		
46,066		
46,100		
46,133		
46,166	3,743E-2	6,467E-2
46,200		
46,233		
46,266		
46,300		
46,333	3,743E-2	6,459E-2
46,366		
46,400		
46,433		
46,466		
46,500	3,760E-2	6,433E-2
46,533		
46,566		
46,600		
46,633		
46,666	3,760E-2	6,425E-2
46,700		
46,733		
46,766		
46,800		
46,833	3,760E-2	6,425E-2
46,866		
46,900		
46,933		
46,966		
47,000	3,768E-2	6,407E-2
47,033		
47,066		
47,100		
47,133		
47,166	3,768E-2	6,390E-2
47,200		
47,233		
47,266		
47,300		
47,333	3,767E-2	6,382E-2
47,366		
47,400		
47,433		
47,466		
47,500	3,767E-2	6,382E-2
47,533		
47,566		
47,600		
47,633		
47,666	3,632E-2	6,367E-2
47,700		
47,733		
47,766		
47,800		
47,833	3,623E-2	6,359E-2
47,866		
47,900		
47,933		
47,966		
48,000	3,622E-2	6,334E-2
48,033		
48,066		
48,100		
48,133		
48,166	3,622E-2	6,325E-2
48,200		
48,233		
48,266		
48,300		
48,333	3,622E-2	6,317E-2
48,366		
48,400		
48,433		
48,466		
48,500	3,622E-2	6,300E-2
48,533		
48,566		
48,600		
48,633		
48,666	3,622E-2	6,283E-2
48,700		
48,733		
48,766		
48,800		
48,833	3,621E-2	6,274E-2
48,866		
48,900		
48,933		
48,966		
49,000	3,621E-2	6,249E-2
49,033		
49,066		
49,100		
49,133		
49,166	3,621E-2	6,232E-2
49,200		
49,233		
49,266		
49,300		
49,333	3,621E-2	6,215E-2
49,366		
49,400		
49,433		
49,466		
49,500	3,595E-2	6,198E-2
49,533		
49,566		
49,600		
49,633		
49,666	3,595E-2	6,181E-2
49,700		
49,733		
49,766		
49,800		
49,833	3,594E-2	6,156E-2
49,866		
49,900		
49,933		
49,966		
50,000	3,594E-2	6,156E-2
50,033		
50,066		
50,100		
50,133		
50,166	3,611E-2	6,130E-2
50,200		
50,233		
50,266		
50,300		
50,333	3,610E-2	6,113E-2
50,366		
50,400		
50,433		
50,466		
50,500	3,610E-2	6,088E-2
50,533		
50,566		
50,600		
50,633		
50,666	3,610E-2	6,079E-2
50,700		
50,733		
50,766		
50,800		
50,833	3,610E-2	6,062E-2
50,866		
50,900		
50,933		
50,966		
51,000	3,609E-2	6,054E-2
51,033		
51,066		
51,100		
51,133		
51,166	3,609E-2	6,045E-2
51,200		
51,233		
51,266		
51,300		
51,333	3,609E-2	6,029E-2
51,366		
51,400		
51,433		
51,466		
51,500	3,608E-2	5,995E-2
51,533		
51,566		
51,600		
51,633		
51,666	3,608E-2	5,995E-2
51,700		
51,733		
51,766		
51,800		
51,833	3,608E-2	5,986E-2
51,866		
51,900		
51,933		
51,966		
52,000	3,608E-2	5,969E-2
52,033		
52,066		
52,100		
52,133		
52,166	3,608E-2	5,952E-2
52,200		
52,233		
52,266		
52,300		
52,333	3,608E-2	5,944E-2
52,366		
52,400		
52,433		
52,466		
52,500	3,607E-2	5,918E-2
52,533		
52,566		
52,600		
52,633		
52,666	3,607E-2	5,918E-2
52,700		
52,733		
52,766		
52,800		
52,833	3,607E-2	5,901E-2
52,866		
52,900		
52,933		
52,966		
53,000	3,607E-2	5,884E-2
53,033		
53,066		
53,100		
53,133		
53,166	3,606E-2	5,859E-2
53,200		
53,233		
53,266		
53,300		
53,333	3,598E-2	5,851E-2
53,366		
53,400		
53,433		
53,466		
53,500	3,597E-2	5,834E-2
53,533		
53,566		
53,600		
53,633		
53,666	3,597E-2	5,817E-2
53,700		
53,733		
53,766		
53,800		
53,833	3,597E-2	5,817E-2
53,866		
53,900		
53,933		
53,966		
54,000	3,597E-2	5,800E-2
54,033		
54,066		
54,100		
54,133		
54,166	3,596E-2	5,783E-2
54,200		
54,233		
54,266		
54,300		
54,333	3,596E-2	5,783E-2
54,366		
54,400		
54,433		
54,466		
54,500	3,605E-2	5,766E-2
54,533		
54,566		
54,600		
54,633		
54,666	3,604E-2	5,732E-2
54,700		
54,733		
54,766		
54,800		
54,833	3,621E-2	5,715E-2
54,866		
54,900		
54,933		
54,966		
55,000	3,621E-2	5,698E-2
55,033		
55,066		
55,100		
55,133		
55,166	3,620E-2	5,681E-2
55,200		
55,233		
55,266		
55,300		
55,333	3,620E-2	5,672E-2
55,366		
55,400		
55,433		
55,466		
55,500	3,620E-2	5,664E-2
55,533		
55,566		
55,600		
55,633		
55,666	3,620E-2	5,647E-2
55,700		
55,733		
55,766		
55,800		
55,833	3,619E-2	5,630E-2
55,866		
55,900		
55,933		
55,966		
56,000	3,619E-2	5,630E-2
56,033		
56,066		
56,100		
56,133		
56,166	3,619E-2	5,613E-2
56,200		
56,233		
56,266		
56,300		
56,333	3,627E-2	5,587E-2
56,366		
56,400		
56,433		
56,466		
56,500	3,627E-2	5,579E-2
56,533		
56,566		
56,600		
56,633		
56,666	3,627E-2	5,553E-2
56,700		
56,733		
56,766		
56,800		
56,833	3,626E-2	5,545E-2
56,866		
56,900		
56,933		
56,966		
57,000	3,626E-2	5,528E-2
57,033		
57,066		
57,100		
57,133		
57,166	3,626E-2	5,511E-2
57,200		
57,233		
57,266		
57,300		
57,333	3,625E-2	5,477E-2
57,366		
57,400		
57,433		
57,466		
57,500	3,625E-2	5,460E-2
57,533		
57,566		
57,600		
57,633		
57,666	3,625E-2	5,443E-2
57,700		
57,733		
57,766		
57,800		
57,833	3,625E-2	5,426E-2
57,866		
57,900		
57,933		
57,966		
58,000	3,625E-2	5,452E-2
58,033		
58,066		
58,100		
58,133		
58,166	3,625E-2	5,469E-2
58,200		
58,233		
58,266		
58,300		
58,333	3,625E-2	5,443E-2
58,366		
58,400		
58,433		
58,466		
58,500	3,625E-2	5,426E-2
58,533		
58,566		
58,600		
58,633		
58,666	3,625E-2	5,426E-2
58,700		
58,733		
58,766		
58,800		
58,833	3,624E-2	5,409E-2
58,866		
58,900		
58,933		
58,966		
59,000	3,624E-2	5,409E-2
59,033		
59,066		
59,100		
59,133		
59,166	3,624E-2	5,375E-2
59,200		
59,233		
59,266		
59,300		
59,333	3,623E-2	5,350E-2
59,366		
59,400		
59,433		
59,466		
59,500	3,623E-2	5,333E-2
59,533		
59,566		
59,600		
59,633		
59,666	3,622E-2	5,299E-2
59,700		
59,733		
59,766		
59,800		
59,833	3,623E-2	5,308E-2
59,866		
59,900		
59,933		
59,966		
60,000	3,623E-2	5,325E-2
60,033		
60,066		
60,100		
60,133		
60,166	3,622E-2	5,291E-2
60,200		
60,233		
60,266		
60,300		
60,333	3,622E-2	5,274E-2
60,366		
60,400		
60,433		
60,466		
60,500	3,622E-2	5,248E-2
60,533		
60,566		
60,600		
60,633		
60,666	3,621E-2	5,240E-2
60,700		
60,733		
60,766		
60,800		
60,833	3,621E-2	5,214E-2
60,866		
60,900		
60,933		
60,966		
61,000	3,612E-2	5,198E-2
61,033		
61,066		
61,100		
61,133		
61,166	3,612E-2	5,198E-2
61,200		
61,233		
61,266		
61,300		
61,333	3,612E-2	5,172E-2
61,366		
61,400		
61,433		
61,466		
61,500	3,629E-2	5,180E-2
61,533		
61,566		
61,600		
61,633		
61,666	3,629E-2	5,163E-2
61,700		
61,733		
61,766		
61,800		
61,833	3,629E-2	5,155E-2
61,866		
61,900		
61,933		
61,966		
62,000	3,628E-2	5,138E-2
62,033		
62,066		
62,100		
62,133		
62,166	3,696E-2	5,154E-2
62,200		
62,233		
62,266		
62,300		
62,333	3,696E-2	5,137E-2
62,366		
62,400		
62,433		
62,466		
62,500	3,696E-2	5,111E-2
62,533		
62,566		
62,600		
62,633		
62,666	3,704E-2	5,103E-2
62,700		
62,733		
62,766		
62,800		
62,833	3,679E-2	5,103E-2
62,866		
62,900		
62,933		
62,966		
63,000	3,678E-2	5,095E-2
63,033		
63,066		
63,100		
63,133		
63,166	3,662E-2	5,095E-2
63,200		
63,233		
63,266		
63,300		
63,333	3,678E-2	5,078E-2
63,366		
63,400		
63,433		
63,466		
63,500	3,686E-2	5,061E-2
63,533		
63,566		
63,600		
63,633		
63,666	3,695E-2	5,052E-2
63,700		
63,733		
63,766		
63,800		
63,833	3,695E-2	5,069E-2
63,866		
63,900		
63,933		
63,966		
64,000	3,703E-2	5,043E-2
64,033		
64,066		
64,100		
64,133		
64,166	3,711E-2	5,018E-2
64,200		
64,233		
64,266		
64,300		
64,333	3,711E-2	5,009E-2
64,366		
64,400		
64,433		
64,466		
64,500	3,711E-2	5,001E-2
64,533		
64,566		
64,600		
64,633		
64,666	3,710E-2	4,967E-2
64,700		
64,733		
64,766		
64,800		
64,833	3,710E-2	4,950E-2
64,866		
64,900		
64,933		
64,966		
65,000	3,855E-2	4,999E-2
65,033		
65,066		
65,100		
65,133		
65,166	3,855E-2	4,982E-2
65,200		
65,233		
65,266		
65,300		
65,333	3,855E-2	4,973E-2
65,366		
65,400		
65,433		
65,466		
65,500	3,854E-2	4,965E-2
65,533		
65,566		
65,600		
65,633		
65,666	3,854E-2	4,948E-2
65,700		
65,733		
65,766		
65,800		
65,833	3,854E-2	4,931E-2
65,866		
65,900		
65,933		
65,966		
66,000	3,854E-2	4,931E-2
66,033		
66,066		
66,100		
66,133		
66,166	3,853E-2	4,897E-2
66,200		
66,233		
66,266		
66,300		
66,333	3,853E-2	4,897E-2
66,366		
66,400		
66,433		
66,466		
66,500	3,853E-2	4,863E-2
66,533		
66,566		
66,600		
66,633		
66,666	3,852E-2	4,846E-2
66,700		
66,733		
66,766		
66,800		
66,833	3,852E-2	4,829E-2
66,866		
66,900		
66,933		
66,966		
67,000	3,852E-2	4,829E-2
67,033		
67,066		
67,100		
67,133		
67,166	3,852E-2	4,812E-2
67,200		
67,233		
67,266		
67,300		
67,333	3,852E-2	4,795E-2
67,366		
67,400		
67,433		
67,466		
67,500	3,809E-2	4,796E-2
67,533		
67,566		
67,600		
67,633		
67,666	3,809E-2	4,762E-2
67,700		
67,733		
67,766		
67,800		
67,833	3,817E-2	4,762E-2
67,866		
67,900		
67,933		
67,966		
68,000	3,809E-2	4,762E-2
68,033		
68,066		
68,100		
68,133		
68,166	3,808E-2	4,745E-2
68,200		
68,233		
68,266		
68,300		
68,333	3,808E-2	4,728E-2
68,366		
68,400		
68,433		
68,466		
68,500	3,808E-2	4,711E-2
68,533		
68,566		
68,600		
68,633		
68,666	3,808E-2	4,694E-2
68,700		
68,733		
68,766		
68,800		
68,833	3,774E-2	4,686E-2
68,866		
68,900		
68,933		
68,966		
69,000	3,773E-2	4,652E-2
69,033		
69,066		
69,100		
69,133		
69,166	3,773E-2	4,652E-2
69,200		
69,233		
69,266		
69,300		
69,333	3,773E-2	4,644E-2
69,366		
69,400		
69,433		
69,466		
69,500	3,798E-2	4,643E-2
69,533		
69,566		
69,600		
69,633		
69,666	3,798E-2	4,618E-2
69,700		
69,733		
69,766		
69,800		
69,833	3,798E-2	4,609E-2
69,866		
69,900		
69,933		
69,966		
70,000	3,797E-2	4,593E-2
70,033		
70,066		
70,100		
70,133		
70,166	3,772E-2	4,593E-2
70,200		
70,233		
70,266		
70,300		
70,333	3,780E-2	4,576E-2
70,366		
70,400		
70,433		
70,466		
70,500	3,780E-2	4,567E-2
70,533		
70,566		
70,600		
70,633		
70,666	3,780E-2	4,559E-2
70,700		
70,733		
70,766		
70,800		
70,833	3,797E-2	4,550E-2
70,866		
70,900		
70,933		
70,966		
71,000	3,796E-2	4,525E-2
71,033		
71,066		
71,100		
71,133		
71,166	3,796E-2	4,516E-2
71,200		
71,233		
71,266		
71,300		
71,333	3,796E-2	4,516E-2
71,366		
71,400		
71,433		
71,466		
71,500	3,813E-2	4,507E-2
71,533		
71,566		
71,600		
71,633		
71,666	3,813E-2	4,491E-2
71,700		
71,733		
71,766		
71,800		
71,833	3,846E-2	4,482E-2
71,866		
71,900		
71,933		
71,966		
72,000	3,846E-2	4,482E-2
72,033		
72,066		
72,100		
72,133		
72,166	3,846E-2	4,473E-2
72,200		
72,233		
72,266		
72,300		
72,333	3,863E-2	4,464E-2
72,366		
72,400		
72,433		
72,466		
72,500	3,871E-2	4,430E-2
72,533		
72,566		
72,600		
72,633		
72,666	3,871E-2	4,413E-2
72,700		
72,733		
72,766		
72,800		
72,833	3,888E-2	4,421E-2
72,866		
72,900		
72,933		
72,966		
73,000	3,879E-2	4,405E-2
73,033		
73,066		
73,100		
73,133		
73,166	3,871E-2	4,422E-2
73,200		
73,233		
73,266		
73,300		
73,333	3,564E-2	4,325E-2
73,366		
73,400		
73,433		
73,466		
73,500	3,564E-2	4,291E-2
73,533		
73,566		
73,600		
73,633		
73,666	3,563E-2	4,274E-2
73,700		
73,733		
73,766		
73,800		
73,833	3,580E-2	4,274E-2
73,866		
73,900		
73,933		
73,966		
74,000	3,580E-2	4,257E-2
74,033		
74,066		
74,100		
74,133		
74,166	3,580E-2	4,248E-2
74,200		
74,233		
74,266		
74,300		
74,333	3,588E-2	4,223E-2
74,366		
74,400		
74,433		
74,466		
74,500	3,588E-2	4,206E-2
74,533		
74,566		
74,600		
74,633		
74,666	3,579E-2	4,189E-2
74,700		
74,733		
74,766		
74,800		
74,833	3,595E-2	4,155E-2
74,866		
74,900		
74,933		
74,966		
75,000	3,579E-2	4,189E-2
75,033		
75,066		
75,100		
75,133		
75,166	3,579E-2	4,172E-2
75,200		
75,233		
75,266		
75,300		
75,333	3,570E-2	4,155E-2
75,366		
75,400		
75,433		
75,466		
75,500	3,570E-2	4,155E-2
75,533		
75,566		
75,600		
75,633		
75,666	3,570E-2	4,138E-2
75,700		
75,733		
75,766		
75,800		
75,833	3,569E-2	4,121E-2
75,866		
75,900		
75,933		
75,966		
76,000	3,569E-2	4,121E-2
76,033		
76,066		
76,100		
76,133		
76,166	3,569E-2	4,105E-2
76,200		
76,233		
76,266		
76,300		
76,333	3,569E-2	4,088E-2
76,366		
76,400		
76,433		
76,466		
76,500	3,569E-2	4,088E-2
76,533		
76,566		
76,600		
76,633		
76,666	3,568E-2	4,071E-2
76,700		
76,733		
76,766		
76,800		
76,833	3,577E-2	4,054E-2
76,866		
76,900		
76,933		
76,966		
77,000	3,576E-2	4,037E-2
77,033		
77,066		
77,100		
77,133		
77,166	3,576E-2	4,028E-2
77,200		
77,233		
77,266		
77,300		
77,333	3,593E-2	4,019E-2
77,366		
77,400		
77,433		
77,466		
77,500	3,601E-2	4,019E-2
77,533		
77,566		
77,600		
77,633		
77,666	3,593E-2	4,019E-2
77,700		
77,733		
77,766		
77,800		
77,833	3,593E-2	4,002E-2
77,866		
77,900		
77,933		
77,966		
78,000	3,592E-2	3,985E-2
78,033		
78,066		
78,100		
78,133		
78,166	3,592E-2	3,968E-2
78,200		
78,233		
78,266		
78,300		
78,333	3,601E-2	3,968E-2
78,366		
78,400		
78,433		
78,466		
78,500	3,601E-2	3,960E-2
78,533		
78,566		
78,600		
78,633		
78,666	3,592E-2	3,952E-2
78,700		
78,733		
78,766		
78,800		
78,833	3,592E-2	3,935E-2
78,866		
78,900		
78,933		
78,966		
79,000	3,591E-2	3,918E-2
79,033		
79,066		
79,100		
79,133		
79,166	3,600E-2	3,901E-2
79,200		
79,233		
79,266		
79,300		
79,333	3,591E-2	3,892E-2
79,366		
79,400		
79,433		
79,466		
79,500	3,599E-2	3,884E-2
79,533		
79,566		
79,600		
79,633		
79,666	3,599E-2	3,867E-2
79,700		
79,733		
79,766		
79,800		
79,833	3,599E-2	3,867E-2
79,866		
79,900		
79,933		
79,966		
80,000	3,599E-2	3,850E-2
80,033		
80,066		
80,100		
80,133		
80,166	3,599E-2	3,841E-2
80,200		
80,233		
80,266		
80,300		
80,333	3,598E-2	3,790E-2
80,366		
80,400		
80,433		
80,466		
80,500	3,598E-2	3,790E-2
80,533		
80,566		
80,600		
80,633		
80,666	3,598E-2	3,807E-2
80,700		
80,733		
80,766		
80,800		
80,833	3,615E-2	3,807E-2
80,866		
80,900		
80,933		
80,966		
81,000	3,623E-2	3,798E-2
81,033		
81,066		
81,100		
81,133		
81,166	3,623E-2	3,773E-2
81,200		
81,233		
81,266		
81,300		
81,333	3,623E-2	3,781E-2
81,366		
81,400		
81,433		
81,466		
81,500	3,615E-2	3,782E-2
81,533		
81,566		
81,600		
81,633		
81,666	3,623E-2	3,764E-2
81,700		
81,733		
81,766		
81,800		
81,833	3,623E-2	3,764E-2
81,866		
81,900		
81,933		
81,966		
82,000	3,622E-2	3,748E-2
82,033		
82,066		
82,100		
82,133		
82,166	3,631E-2	3,730E-2
82,200		
82,233		
82,266		
82,300		
82,333	3,630E-2	3,713E-2
82,366		
82,400		
82,433		
82,466		
82,500	3,630E-2	3,697E-2
82,533		
82,566		
82,600		
82,633		
82,666	3,630E-2	3,680E-2
82,700		
82,733		
82,766		
82,799		
82,833	3,655E-2	3,671E-2
82,866		
82,899		
82,933		
82,966		
82,999	3,647E-2	3,662E-2
83,033		
83,066		
83,099		
83,133		
83,166	3,646E-2	3,654E-2
83,199		
83,233		
83,266		
83,299		
83,333	3,646E-2	3,645E-2
83,366		
83,399		
83,433		
83,466		
83,499	3,663E-2	3,628E-2
83,533		
83,566		
83,599		
83,633		
83,666	3,663E-2	3,620E-2
83,699		
83,733		
83,766		
83,799		
83,833	3,663E-2	3,611E-2
83,866		
83,899		
83,933		
83,966		
83,999	3,662E-2	3,603E-2
84,033		
84,066		
84,099		
84,133		
84,166	3,662E-2	3,594E-2
84,199		
84,233		
84,266		
84,299		
84,333	3,662E-2	3,577E-2
84,366		
84,399		
84,433		
84,466		
84,499	3,662E-2	3,577E-2
84,533		
84,566		
84,599		
84,633		
84,666	3,662E-2	3,569E-2
84,699		
84,733		
84,766		
84,799		
84,833	3,662E-2	3,569E-2
84,866		
84,899		
84,933		
84,966		
84,999	3,670E-2	3,560E-2
85,033		
85,066		
85,099		
85,133		
85,166	3,670E-2	3,543E-2
85,199		
85,233		
85,266		
85,299		
85,333	3,670E-2	3,526E-2
85,366		
85,399		
85,433		
85,466		
85,499	3,670E-2	3,518E-2
85,533		
85,566		
85,599		
85,633		
85,666	3,670E-2	3,518E-2
85,699		
85,733		
85,766		
85,799		
85,833	3,669E-2	3,501E-2
85,866		
85,899		
85,933		
85,966		
85,999	3,669E-2	3,475E-2
86,033		
86,066		
86,099		
86,133		
86,166	3,669E-2	3,492E-2
86,199		
86,233		
86,266		
86,299		
86,333	3,643E-2	3,476E-2
86,366		
86,399		
86,433		
86,466		
86,499	3,643E-2	3,459E-2
86,533		
86,566		
86,599		
86,633		
86,666	3,643E-2	3,433E-2
86,699		
86,733		
86,766		
86,799		
86,833	3,651E-2	3,416E-2
86,866		
86,899		
86,933		
86,966		
86,999	3,642E-2	3,408E-2
87,033		
87,066		
87,099		
87,133		
87,166	3,642E-2	3,417E-2
87,199		
87,233		
87,266		
87,299		
87,333	3,642E-2	3,400E-2
87,366		
87,399		
87,433		
87,466		
87,499	3,642E-2	3,383E-2
87,533		
87,566		
87,599		
87,633		
87,666	3,642E-2	3,374E-2
87,699		
87,733		
87,766		
87,799		
87,833	3,642E-2	3,357E-2
87,866		
87,899		
87,933		
87,966		
87,999	3,642E-2	3,357E-2
88,033		
88,066		
88,099		
88,133		
88,166	3,641E-2	3,340E-2
88,199		
88,233		
88,266		
88,299		
88,333	3,641E-2	3,340E-2
88,366		
88,399		
88,433		
88,466		
88,499	3,641E-2	3,340E-2
88,533		
88,566		
88,599		
88,633		
88,666	3,641E-2	3,340E-2
88,699		
88,733		
88,766		
88,799		
88,833	3,641E-2	3,340E-2
88,866		
88,899		
88,933		
88,966		
88,999	3,641E-2	3,315E-2
89,033		
89,066		
89,099		
89,133		
89,166	3,641E-2	3,306E-2
89,199		
89,233		
89,266		
89,299		
89,333	3,640E-2	3,281E-2
89,366		
89,399		
89,433		
89,466		
89,499	3,648E-2	3,255E-2
89,533		
89,566		
89,599		
89,633		
89,666	3,648E-2	3,238E-2
89,699		
89,733		
89,766		
89,799		
89,833	3,648E-2	3,213E-2
89,866		
89,899		
89,933		
89,966		
89,999	3,648E-2	3,247E-2
90,033		
90,066		
90,099		
90,133		
90,166	3,648E-2	3,230E-2
90,199		
90,233		
90,266		
90,299		
90,333	3,647E-2	3,204E-2
90,366		
90,399		
90,433		
90,466		
90,499	3,648E-2	3,230E-2
90,533		
90,566		
90,599		
90,633		
90,666	3,656E-2	3,204E-2
90,699		
90,733		
90,766		
90,799		
90,833	3,656E-2	3,230E-2
90,866		
90,899		
90,933		
90,966		
90,999	3,656E-2	3,204E-2
91,033		
91,066		
91,099		
91,133		
91,166	3,656E-2	3,179E-2
91,199		
91,233		
91,266		
91,299		
91,333	3,656E-2	3,179E-2
91,366		
91,399		
91,433		
91,466		
91,499	3,664E-2	3,170E-2
91,533		
91,566		
91,599		
91,633		
91,666	3,664E-2	3,170E-2
91,699		
91,733		
91,766		
91,799		
91,833	3,664E-2	3,162E-2
91,866		
91,899		
91,933		
91,966		
91,999	3,663E-2	3,136E-2
92,033		
92,066		
92,099		
92,133		
92,166	3,663E-2	3,136E-2
92,199		
92,233		
92,266		
92,299		
92,333	3,655E-2	3,120E-2
92,366		
92,399		
92,433		
92,466		
92,499	3,655E-2	3,120E-2
92,533		
92,566		
92,599		
92,633		
92,666	3,663E-2	3,102E-2
92,699		
92,733		
92,766		
92,799		
92,833	3,662E-2	3,086E-2
92,866		
92,899		
92,933		
92,966		
92,999	3,654E-2	3,069E-2
93,033		
93,066		
93,099		
93,133		
93,166	3,654E-2	3,069E-2
93,199		
93,233		
93,266		
93,299		
93,333	3,653E-2	3,035E-2
93,366		
93,399		
93,433		
93,466		
93,499	3,646E-2	3,086E-2
93,533		
93,566		
93,599		
93,633		
93,666	3,645E-2	3,052E-2
93,699		
93,733		
93,766		
93,799		
93,833	3,645E-2	3,035E-2
93,866		
93,899		
93,933		
93,966		
93,999	3,644E-2	3,018E-2
94,033		
94,066		
94,099		
94,133		
94,166	3,644E-2	3,001E-2
94,199		
94,233		
94,266		
94,299		
94,333	3,644E-2	3,001E-2
94,366		
94,399		
94,433		
94,466		
94,499	3,644E-2	2,984E-2
94,533		
94,566		
94,599		
94,633		
94,666	3,643E-2	2,959E-2
94,699		
94,733		
94,766		
94,799		
94,833	3,643E-2	2,959E-2
94,866		
94,899		
94,933		
94,966		
94,999	3,643E-2	2,959E-2
95,033		
95,066		
95,099		
95,133		
95,166	3,643E-2	2,942E-2
95,199		
95,233		
95,266		
95,299		
95,333	3,643E-2	2,959E-2
95,366		
95,399		
95,433		
95,466		
95,499	3,643E-2	2,950E-2
95,533		
95,566		
95,599		
95,633		
95,666	3,643E-2	2,950E-2
95,699		
95,733		
95,766		
95,799		
95,833	3,634E-2	2,908E-2
95,866		
95,899		
95,933		
95,966		
95,999	3,634E-2	2,899E-2
96,033		
96,066		
96,099		
96,133		
96,166	3,634E-2	2,899E-2
96,199		
96,233		
96,266		
96,299		
96,333	3,634E-2	2,874E-2
96,366		
96,399		
96,433		
96,466		
96,499	3,634E-2	2,891E-2
96,533		
96,566		
96,599		
96,633		
96,666	3,633E-2	2,866E-2
96,699		
96,733		
96,766		
96,799		
96,833	3,633E-2	2,866E-2
96,866		
96,899		
96,933		
96,966		
96,999	3,625E-2	2,874E-2
97,033		
97,066		
97,099		
97,133		
97,166	3,625E-2	2,849E-2
97,199		
97,233		
97,266		
97,299		
97,333	3,625E-2	2,849E-2
97,366		
97,399		
97,433		
97,466		
97,499	3,625E-2	2,840E-2
97,533		
97,566		
97,599		
97,633		
97,666	3,624E-2	2,832E-2
97,699		
97,733		
97,766		
97,799		
97,833	3,624E-2	2,815E-2
97,866		
97,899		
97,933		
97,966		
97,999	3,616E-2	2,807E-2
98,033		
98,066		
98,099		
98,133		
98,166	3,615E-2	2,798E-2
98,199		
98,233		
98,266		
98,299		
98,333	3,615E-2	2,798E-2
98,366		
98,399		
98,433		
98,466		
98,499	3,615E-2	2,781E-2
98,533		
98,566		
98,599		
98,633		
98,666	3,615E-2	2,773E-2
98,699		
98,733		
98,766		
98,799		
98,833	3,615E-2	2,756E-2
98,866		
98,899		
98,933		
98,966		
98,999	3,606E-2	2,756E-2
99,033		
99,066		
99,099		
99,133		
99,166	3,606E-2	2,730E-2
99,199		
99,233		
99,266		
99,299		
99,333	3,606E-2	2,722E-2
99,366		
99,399		
99,433		
99,466		
99,499	3,606E-2	2,722E-2
99,533		
99,566		
99,599		
99,633		
99,666	3,605E-2	2,705E-2
99,699		
99,733		
99,766		
99,799		
99,833	3,589E-2	2,714E-2
99,866		
99,899		
99,933		
99,966		
99,999	3,597E-2	2,697E-2
100,033		
100,066		
100,099		
100,133		
100,166	3,596E-2	2,680E-2
100,199		
100,233		
100,266		
100,299		
100,333	3,596E-2	2,663E-2
100,366		
100,399		
100,433		
100,466		
100,499	3,596E-2	2,646E-2
100,533		
100,566		
100,599		
100,633		
100,666	3,596E-2	2,646E-2
100,699		
100,733		
100,766		
100,799		
100,833	3,604E-2	2,629E-2
100,866		
100,899		
100,933		
100,966		
100,999	3,621E-2	2,620E-2
101,033		
101,066		
101,099		
101,133		
101,166	3,621E-2	2,620E-2
101,199		
101,233		
101,266		
101,299		
101,333	3,621E-2	2,620E-2
101,366		
101,399		
101,433		
101,466		
101,499	3,629E-2	2,603E-2
101,533		
101,566		
101,599		
101,633		
101,666	3,637E-2	2,577E-2
101,699		
101,733		
101,766		
101,799		
101,833	3,637E-2	2,569E-2
101,866		
101,899		
101,933		
101,966		
101,999	3,637E-2	2,560E-2
102,033		
102,066		
102,099		
102,133		
102,166	3,645E-2	2,560E-2
102,199		
102,233		
102,266		
102,299		
102,333	3,645E-2	2,560E-2
102,366		
102,399		
102,433		
102,466		
102,499	3,654E-2	2,552E-2
102,533		
102,566		
102,599		
102,633		
102,666	3,654E-2	2,552E-2
102,699		
102,733		
102,766		
102,799		
102,833	3,654E-2	2,552E-2
102,866		
102,899		
102,933		
102,966		
102,999	3,654E-2	2,552E-2
103,033		
103,066		
103,099		
103,133		
103,166	3,654E-2	2,552E-2
103,199		
103,233		
103,266		
103,299		
103,333	3,654E-2	2,552E-2
103,366		
103,399		
103,433		
103,466		
103,499	3,654E-2	2,552E-2
103,533		
103,566		
103,599		
103,633		
103,666	3,670E-2	2,534E-2
103,699		
103,733		
103,766		
103,799		
103,833	3,670E-2	2,526E-2
103,866		
103,899		
103,933		
103,966		
103,999	3,670E-2	2,509E-2
104,033		
104,066		
104,099		
104,133		
104,166	3,670E-2	2,509E-2
104,199		
104,233		
104,266		
104,299		
104,333	3,687E-2	2,492E-2
104,366		
104,399		
104,433		
104,466		
104,499	3,687E-2	2,483E-2
104,533		
104,566		
104,599		
104,633		
104,666	3,686E-2	2,466E-2
104,699		
104,733		
104,766		
104,799		
104,833	3,686E-2	2,449E-2
104,866		
104,899		
104,933		
104,966		
104,999	3,686E-2	2,458E-2
105,033		
105,066		
105,099		
105,133		
105,166	3,686E-2	2,458E-2
105,199		
105,233		
105,266		
105,299		
105,333	3,686E-2	2,458E-2
105,366		
105,399		
105,433		
105,466		
105,499	3,686E-2	2,458E-2
105,533		
105,566		
105,599		
105,633		
105,666	3,686E-2	2,458E-2
105,699		
105,733		
105,766		
105,799		
105,833	3,686E-2	2,458E-2
105,866		
105,899		
105,933		
105,966		
105,999	3,686E-2	2,458E-2
106,033		
106,066		
106,099		
106,133		
106,166	3,686E-2	2,458E-2
106,199		
106,233		
106,266		
106,299		
106,333	3,686E-2	2,458E-2
106,366		
106,399		
106,433		
106,466		
106,499	3,686E-2	2,458E-2
106,533		
106,566		
106,599		
106,633		
106,666	3,694E-2	2,449E-2
106,699		
106,733		
106,766		
106,799		
106,833	3,703E-2	2,424E-2
106,866		
106,899		
106,933		
106,966		
106,999	3,719E-2	2,415E-2
107,033		
107,066		
107,099		
107,133		
107,166	3,736E-2	2,381E-2
107,199		
107,233		
107,266		
107,299		
107,333	3,769E-2	2,363E-2
107,366		
107,399		
107,433		
107,466		
107,499	3,769E-2	2,338E-2
107,533		
107,566		
107,599		
107,633		
107,666	3,785E-2	2,303E-2
107,699		
107,733		
107,766		
107,799		
107,833	3,785E-2	2,303E-2
107,866		
107,899		
107,933		
107,966		
107,999	3,802E-2	2,286E-2
108,033		
108,066		
108,099		
108,133		
108,166	3,802E-2	2,286E-2
108,199		
108,233		
108,266		
108,299		
108,333	3,802E-2	2,286E-2
108,366		
108,399		
108,433		
108,466		
108,499	3,802E-2	2,286E-2
108,533		
108,566		
108,599		
108,633		
108,666	3,802E-2	2,286E-2
108,699		
108,733		
108,766		
108,799		
108,833	3,802E-2	2,278E-2
108,866		
108,899		
108,933		
108,966		
108,999	3,801E-2	2,252E-2
109,033		
109,066		
109,099		
109,133		
109,166	3,801E-2	2,227E-2
109,199		
109,233		
109,266		
109,299		
109,333	3,801E-2	2,227E-2
109,366		
109,399		
109,433		
109,466		
109,499	3,801E-2	2,227E-2
109,533		
109,566		
109,599		
109,633		
109,666	3,792E-2	2,219E-2
109,699		
109,733		
109,766		
109,799		
109,833	3,792E-2	2,185E-2
109,866		
109,899		
109,933		
109,966		
109,999	3,800E-2	2,185E-2
110,033		
110,066		
110,099		
110,133		
110,166	3,800E-2	2,176E-2
110,199		
110,233		
110,266		
110,299		
110,333	3,818E-2	2,201E-2
110,366		
110,399		
110,433		
110,466		
110,499	3,843E-2	2,201E-2
110,533		
110,566		
110,599		
110,633		
110,666	3,851E-2	2,167E-2
110,699		
110,733		
110,766		
110,799		
110,833	3,868E-2	2,150E-2
110,866		
110,899		
110,933		
110,966		
110,999	3,867E-2	2,116E-2
111,033		
111,066		
111,099		
111,133		
111,166	3,866E-2	2,082E-2
111,199		
111,233		
111,266		
111,299		
111,333	3,875E-2	2,073E-2
111,366		
111,399		
111,433		
111,466		
111,499	3,892E-2	2,081E-2
111,533		
111,566		
111,599		
111,633		
111,666	3,892E-2	2,064E-2
111,699		
111,733		
111,766		
111,799		
111,833	3,891E-2	2,047E-2
111,866		
111,899		
111,933		
111,966		
111,999	3,900E-2	2,039E-2
112,033		
112,066		
112,099		
112,133		
112,166	3,917E-2	2,030E-2
112,199		
112,233		
112,266		
112,299		
112,333	3,916E-2	2,013E-2
112,366		
112,399		
112,433		
112,466		
112,499	3,933E-2	1,987E-2
112,533		
112,566		
112,599		
112,633		
112,666	4,012E-2	2,164E-2
112,699		
112,733		
112,766		
112,799		
112,833	4,020E-2	2,122E-2
112,866		
112,899		
112,933		
112,966		
112,999	4,019E-2	2,088E-2
113,033		
113,066		
113,099		
113,133		
113,166	4,019E-2	2,071E-2
113,199		
113,233		
113,266		
113,299		
113,333	4,030E-2	2,232E-2
113,366		
113,399		
113,433		
113,466		
113,499	4,038E-2	2,181E-2
113,533		
113,566		
113,599		
113,633		
113,666	4,063E-2	2,146E-2
113,699		
113,733		
113,766		
113,799		
113,833	4,022E-2	2,249E-2
113,866		
113,899		
113,933		
113,966		
113,999	4,055E-2	2,214E-2
114,033		
114,066		
114,099		
114,133		
114,166	4,055E-2	2,197E-2
114,199		
114,233		
114,266		
114,299		
114,333	4,063E-2	2,172E-2
114,366		
114,399		
114,433		
114,466		
114,499	4,063E-2	2,172E-2
114,533		
114,566		
114,599		
114,633		
114,666	4,071E-2	2,146E-2
114,699		
114,733		
114,766		
114,799		
114,833	4,071E-2	2,138E-2
114,866		
114,899		
114,933		
114,966		
114,999	4,088E-2	2,137E-2
115,033		
115,066		
115,099		
115,133		
115,166	4,088E-2	2,137E-2
115,199		
115,233		
115,266		
115,299		
115,333	4,096E-2	2,112E-2
115,366		
115,399		
115,433		
115,466		
115,499	4,096E-2	2,112E-2
115,533		
115,566		
115,599		
115,633		
115,666	4,096E-2	2,103E-2
115,699		
115,733		
115,766		
115,799		
115,833	4,104E-2	2,103E-2
115,866		
115,899		
115,933		
115,966		
115,999	4,104E-2	2,112E-2
116,033		
116,066		
116,099		
116,133		
116,166	4,104E-2	2,078E-2
116,199		
116,233		
116,266		
116,299		
116,333	4,104E-2	2,086E-2
116,366		
116,399		
116,433		
116,466		
116,499	4,104E-2	2,078E-2
116,533		
116,566		
116,599		
116,633		
116,666	4,087E-2	2,078E-2
116,699		
116,733		
116,766		
116,799		
116,833	4,087E-2	2,078E-2
116,866		
116,899		
116,933		
116,966		
116,999	4,087E-2	2,061E-2
117,033		
117,066		
117,099		
117,133		
117,166	4,086E-2	2,027E-2
117,199		
117,233		
117,266		
117,299		
117,333	4,086E-2	2,019E-2
117,366		
117,399		
117,433		
117,466		
117,499	4,086E-2	2,002E-2
117,533		
117,566		
117,599		
117,633		
117,666	4,085E-2	1,976E-2
117,699		
117,733		
117,766		
117,799		
117,833	4,085E-2	1,959E-2
117,866		
117,899		
117,933		
117,966		
117,999	4,110E-2	1,959E-2
118,033		
118,066		
118,099		
118,133		
118,166	4,119E-2	1,950E-2
118,199		
118,233		
118,266		
118,299		
118,333	4,119E-2	1,942E-2
118,366		
118,399		
118,433		
118,466		
118,499	4,118E-2	1,933E-2
118,533		
118,566		
118,599		
118,633		
118,666	4,078E-2	2,044E-2
118,699		
118,733		
118,766		
118,799		
118,833	4,086E-2	2,002E-2
118,866		
118,899		
118,933		
118,966		
118,999	4,085E-2	1,985E-2
119,033		
119,066		
119,099		
119,133		
119,166	4,085E-2	1,968E-2
119,199		
119,233		
119,266		
119,299		
119,333	4,085E-2	1,942E-2
119,366		
119,399		
119,433		
119,466		
119,499	4,084E-2	1,917E-2
119,533		
119,566		
119,599		
119,633		
119,666	4,101E-2	1,900E-2
119,699		
119,733		
119,766		
119,799		
119,833	4,101E-2	1,883E-2
119,866		
119,899		
119,933		
119,966		
119,999	4,100E-2	1,874E-2
120,033		
120,066		
120,099		
120,133		
120,166	4,109E-2	1,849E-2
120,199		
120,233		
120,266		
120,299		
120,333	4,117E-2	1,832E-2
120,366		
120,399		
120,433		
120,466		
120,499	4,117E-2	1,823E-2
120,533		
120,566		
120,599		
120,633		
120,666	4,116E-2	1,815E-2
120,699		
120,733		
120,766		
120,799		
120,833	4,116E-2	1,806E-2
120,866		
120,899		
120,933		
120,966		
120,999	4,116E-2	1,789E-2
121,033		
121,066		
121,099		
121,133		
121,166	4,116E-2	1,772E-2
121,199		
121,233		
121,266		
121,299		
121,333	4,153E-2	1,958E-2
121,366		
121,399		
121,433		
121,466		
121,499	4,152E-2	1,941E-2
121,533		
121,566		
121,599		
121,633		
121,666	4,152E-2	1,924E-2
121,699		
121,733		
121,766		
121,799		
121,833	4,160E-2	1,890E-2
121,866		
121,899		
121,933		
121,966		
121,999	4,177E-2	1,865E-2
122,033		
122,066		
122,099		
122,133		
122,166	4,176E-2	1,839E-2
122,199		
122,233		
122,266		
122,299		
122,333	4,176E-2	1,822E-2
122,366		
122,399		
122,433		
122,466		
122,499	4,176E-2	1,805E-2
122,533		
122,566		
122,599		
122,633		
122,666	4,210E-2	1,805E-2
122,699		
122,733		
122,766		
122,799		
122,833	4,209E-2	1,762E-2
122,866		
122,899		
122,933		
122,966		
122,999	4,209E-2	1,745E-2
123,033		
123,066		
123,099		
123,133		
123,166	4,208E-2	1,737E-2
123,199		
123,233		
123,266		
123,299		
123,333	4,209E-2	1,754E-2
123,366		
123,399		
123,433		
123,466		
123,499	4,208E-2	1,728E-2
123,533		
123,566		
123,599		
123,633		
123,666	4,208E-2	1,703E-2
123,699		
123,733		
123,766		
123,799		
123,833	4,184E-2	1,814E-2
123,866		
123,899		
123,933		
123,966		
123,999	4,184E-2	1,805E-2
124,033		
124,066		
124,099		
124,133		
124,166	4,184E-2	1,771E-2
124,199		
124,233		
124,266		
124,299		
124,333	4,183E-2	1,737E-2
124,366		
124,399		
124,433		
124,466		
124,499	4,183E-2	1,729E-2
124,533		
124,566		
124,599		
124,633		
124,666	4,182E-2	1,703E-2
124,699		
124,733		
124,766		
124,799		
124,833	4,191E-2	1,678E-2
124,866		
124,899		
124,933		
124,966		
124,999	4,190E-2	1,661E-2
125,033		
125,066		
125,099		
125,133		
125,166	4,190E-2	1,644E-2
125,199		
125,233		
125,266		
125,299		
125,333	4,190E-2	1,636E-2
125,366		
125,399		
125,433		
125,466		
125,499	4,190E-2	1,636E-2
125,533		
125,566		
125,599		
125,633		
125,666	4,190E-2	1,627E-2
125,699		
125,733		
125,766		
125,799		
125,833	4,190E-2	1,627E-2
125,866		
125,899		
125,933		
125,966		
125,999	4,190E-2	1,619E-2
126,033		
126,066		
126,099		
126,133		
126,166	4,190E-2	1,619E-2
126,199		
126,233		
126,266		
126,299		
126,333	4,189E-2	1,610E-2
126,366		
126,399		
126,433		
126,466		
126,499	4,189E-2	1,602E-2
126,533		
126,566		
126,599		
126,633		
126,666	4,189E-2	1,593E-2
126,699		
126,733		
126,766		
126,799		
126,833	4,197E-2	1,576E-2
126,866		
126,899		
126,933		
126,966		
126,999	4,197E-2	1,576E-2
127,033		
127,066		
127,099		
127,133		
127,166	4,197E-2	1,551E-2
127,199		
127,233		
127,266		
127,299		
127,333	4,197E-2	1,534E-2
127,366		
127,399		
127,433		
127,466		
127,499	4,197E-2	1,534E-2
127,533		
127,566		
127,599		
127,633		
127,666	4,196E-2	1,525E-2
127,699		
127,733		
127,766		
127,799		
127,833	4,196E-2	1,508E-2
127,866		
127,899		
127,933		
127,966		
127,999	4,196E-2	1,508E-2
128,033		
128,066		
128,099		
128,133		
128,166	4,196E-2	1,500E-2
128,199		
128,233		
128,266		
128,299		
128,333	4,196E-2	1,500E-2
128,366		
128,399		
128,433		
128,466		
128,499	4,196E-2	1,483E-2
128,533		
128,566		
128,599		
128,633		
128,666	4,196E-2	1,474E-2
128,699		
128,733		
128,766		
128,799		
128,833	4,195E-2	1,457E-2
128,866		
128,899		
128,933		
128,966		
128,999	4,195E-2	1,440E-2
129,033		
129,066		
129,099		
129,133		
129,166	4,203E-2	1,432E-2
129,199		
129,233		
129,266		
129,299		
129,333	4,203E-2	1,432E-2
129,366		
129,399		
129,433		
129,466		
129,499	4,203E-2	1,423E-2
129,533		
129,566		
129,599		
129,633		
129,666	4,203E-2	1,406E-2
129,699		
129,733		
129,766		
129,799		
129,833	4,203E-2	1,389E-2
129,866		
129,899		
129,933		
129,966		
129,999	4,211E-2	1,364E-2
130,033		
130,066		
130,099		
130,133		
130,166	4,211E-2	1,372E-2
130,199		
130,233		
130,266		
130,299		
130,333	4,211E-2	1,364E-2
130,366		
130,399		
130,433		
130,466		
130,499	4,211E-2	1,364E-2
130,533		
130,566		
130,599		
130,633		
130,666	4,211E-2	1,355E-2
130,699		
130,733		
130,766		
130,799		
130,833	4,210E-2	1,321E-2
130,866		
130,899		
130,933		
130,966		
130,999	4,210E-2	1,296E-2
131,033		
131,066		
131,099		
131,133		
131,166	4,236E-2	1,330E-2
131,199		
131,233		
131,266		
131,299		
131,333	4,236E-2	1,330E-2
131,366		
131,399		
131,433		
131,466		
131,499	4,235E-2	1,296E-2
131,533		
131,566		
131,599		
131,633		
131,666	4,235E-2	1,287E-2
131,699		
131,733		
131,766		
131,799		
131,833	4,235E-2	1,270E-2
131,866		
131,899		
131,933		
131,966		
131,999	4,235E-2	1,262E-2
132,033		
132,066		
132,099		
132,133		
132,166	4,234E-2	1,253E-2
132,199		
132,233		
132,266		
132,299		
132,333	4,234E-2	1,245E-2
132,366		
132,399		
132,433		
132,466		
132,499	4,242E-2	1,228E-2
132,533		
132,566		
132,599		
132,633		
132,666	4,242E-2	1,202E-2
132,699		
132,733		
132,766		
132,799		
132,833	4,242E-2	1,194E-2
132,866		
132,899		
132,933		
132,966		
132,999	4,250E-2	1,177E-2
133,033		
133,066		
133,099		
133,133		
133,166	4,230E-2	1,516E-2
133,199		
133,233		
133,266		
133,299		
133,333	4,230E-2	1,516E-2
133,366		
133,399		
133,433		
133,466		
133,499	4,230E-2	1,499E-2
133,533		
133,566		
133,599		
133,633		
133,666	4,230E-2	1,482E-2
133,699		
133,733		
133,766		
133,799		
133,833	4,229E-2	1,465E-2
133,866		
133,899		
133,933		
133,966		
133,999	4,229E-2	1,465E-2
134,033		
134,066		
134,099		
134,133		
134,166	4,229E-2	1,457E-2
134,199		
134,233		
134,266		
134,299		
134,333	4,229E-2	1,440E-2
134,366		
134,399		
134,433		
134,466		
134,499	4,229E-2	1,431E-2
134,533		
134,566		
134,599		
134,633		
134,666	4,229E-2	1,431E-2
134,699		
134,733		
134,766		
134,799		
134,833	4,229E-2	1,414E-2
134,866		
134,899		
134,933		
134,966		
134,999	4,228E-2	1,397E-2
135,033		
135,066		
135,099		
135,133		
135,166	4,228E-2	1,389E-2
135,199		
135,233		
135,266		
135,299		
135,333	4,228E-2	1,389E-2
135,366		
135,399		
135,433		
135,466		
135,499	4,228E-2	1,372E-2
135,533		
135,566		
135,599		
135,633		
135,666	4,228E-2	1,397E-2
135,699		
135,733		
135,766		
135,799		
135,833	4,220E-2	1,398E-2
135,866		
135,899		
135,933		
135,966		
135,999	4,212E-2	1,406E-2
136,033		
136,066		
136,099		
136,133		
136,166	4,211E-2	1,398E-2
136,199		
136,233		
136,266		
136,299		
136,333	4,237E-2	1,397E-2
136,366		
136,399		
136,433		
136,466		
136,499	4,237E-2	1,389E-2
136,533		
136,566		
136,599		
136,633		
136,666	4,236E-2	1,363E-2
136,699		
136,733		
136,766		
136,799		
136,833	4,228E-2	1,364E-2
136,866		
136,899		
136,933		
136,966		
136,999	4,228E-2	1,355E-2
137,033		
137,066		
137,099		
137,133		
137,166	4,219E-2	1,372E-2
137,199		
137,233		
137,266		
137,299		
137,333	4,219E-2	1,372E-2
137,366		
137,399		
137,433		
137,466		
137,499	4,219E-2	1,372E-2
137,533		
137,566		
137,599		
137,633		
137,666	4,219E-2	1,364E-2
137,699		
137,733		
137,766		
137,799		
137,833	4,219E-2	1,347E-2
137,866		
137,899		
137,932		
137,966		
137,999	4,219E-2	1,330E-2
138,032		
138,066		
138,099		
138,132		
138,166	4,219E-2	1,355E-2
138,199		
138,232		
138,266		
138,299		
138,332	4,219E-2	1,364E-2
138,366		
138,399		
138,432		
138,466		
138,499	4,219E-2	1,364E-2
138,532		
138,566		
138,599		
138,632		
138,666	4,236E-2	1,355E-2
138,699		
138,732		
138,766		
138,799		
138,832	4,219E-2	1,355E-2
138,866		
138,899		
138,932		
138,966		
138,999	4,211E-2	1,355E-2
139,032		
139,066		
139,099		
139,132		
139,166	4,211E-2	1,347E-2
139,199		
139,232		
139,266		
139,299		
139,332	4,211E-2	1,347E-2
139,366		
139,399		
139,432		
139,466		
139,499	4,210E-2	1,330E-2
139,532		
139,566		
139,599		
139,632		
139,666	4,210E-2	1,313E-2
139,699		
139,732		
139,766		
139,799		
139,832	4,210E-2	1,296E-2
139,866		
139,899		
139,932		
139,966		
139,999	4,210E-2	1,288E-2
140,032		
140,066		
140,099		
140,132		
140,166	4,209E-2	1,262E-2
140,199		
140,232		
140,266		
140,299		
140,332	4,209E-2	1,254E-2
140,366		
140,399		
140,432		
140,466		
140,499	4,209E-2	1,237E-2
140,532		
140,566		
140,599		
140,632		
140,666	4,209E-2	1,228E-2
140,699		
140,732		
140,766		
140,799		
140,832	4,208E-2	1,211E-2
140,866		
140,899		
140,932		
140,966		
140,999	4,208E-2	1,177E-2
141,032		
141,066		
141,099		
141,132		
141,166	4,207E-2	1,160E-2
141,199		
141,232		
141,266		
141,299		
141,332	4,207E-2	1,135E-2
141,366		
141,399		
141,432		
141,466		
141,499	4,207E-2	1,127E-2
141,532		
141,566		
141,599		
141,632		
141,666	4,207E-2	1,110E-2
141,699		
141,732		
141,766		
141,799		
141,832	4,206E-2	1,093E-2
141,866		
141,899		
141,932		
141,966		
141,999	4,206E-2	1,084E-2
142,032		
142,066		
142,099		
142,132		
142,166	4,206E-2	1,067E-2
142,199		
142,232		
142,266		
142,299		
142,332	4,206E-2	1,067E-2
142,366		
142,399		
142,432		
142,466		
142,499	4,206E-2	1,059E-2
142,532		
142,566		
142,599		
142,632		
142,666	4,244E-2	1,304E-2
142,699		
142,732		
142,766		
142,799		
142,832	4,243E-2	1,279E-2
142,866		
142,899		
142,932		
142,966		
142,999	4,243E-2	1,253E-2
143,032		
143,066		
143,099		
143,132		
143,166	4,242E-2	1,228E-2
143,199		
143,232		
143,266		
143,299		
143,332	4,242E-2	1,194E-2
143,366		
143,399		
143,432		
143,466		
143,499	4,242E-2	1,177E-2
143,532		
143,566		
143,599		
143,632		
143,666	4,241E-2	1,160E-2
143,699		
143,732		
143,766		
143,799		
143,832	4,249E-2	1,134E-2
143,866		
143,899		
143,932		
143,966		
143,999	4,249E-2	1,100E-2
144,032		
144,066		
144,099		
144,132		
144,166	4,248E-2	1,075E-2
144,199		
144,232		
144,266		
144,299		
144,332	4,248E-2	1,050E-2
144,366		
144,399		
144,432		
144,466		
144,499	4,248E-2	1,024E-2
144,532		
144,566		
144,599		
144,632		
144,666	4,248E-2	1,024E-2
144,699		
144,732		
144,766		
144,799		
144,832	4,247E-2	9,902E-3
144,866		
144,899		
144,932		
144,966		
144,999	4,247E-2	9,817E-3
145,032		
145,066		
145,099		
145,132		
145,166	4,246E-2	9,393E-3
145,199		
145,232		
145,266		
145,299		
145,332	4,246E-2	9,224E-3
145,366		
145,399		
145,432		
145,466		
145,499	4,254E-2	9,053E-3
145,532		
145,566		
145,599		
145,632		
145,666	4,235E-2	1,270E-2
145,699		
145,732		
145,766		
145,799		
145,832	4,235E-2	1,262E-2
145,866		
145,899		
145,932		
145,966		
145,999	4,234E-2	1,228E-2
146,032		
146,066		
146,099		
146,132		
146,166	4,242E-2	1,211E-2
146,199		
146,232		
146,266		
146,299		
146,332	4,242E-2	1,211E-2
146,366		
146,399		
146,432		
146,466		
146,499	4,242E-2	1,177E-2
146,532		
146,566		
146,599		
146,632		
146,666	4,232E-2	1,135E-2
146,699		
146,732		
146,766		
146,799		
146,832	4,232E-2	1,135E-2
146,866		
146,899		
146,932		
146,966		
146,999	4,232E-2	1,109E-2
147,032		
147,066		
147,099		
147,132		
147,166	4,215E-2	1,101E-2
147,199		
147,232		
147,266		
147,299		
147,332	4,206E-2	1,093E-2
147,366		
147,399		
147,432		
147,466		
147,499	4,206E-2	1,093E-2
147,532		
147,566		
147,599		
147,632		
147,666	4,198E-2	1,084E-2
147,699		
147,732		
147,766		
147,799		
147,832	4,198E-2	1,084E-2
147,866		
147,899		
147,932		
147,966		
147,999	4,189E-2	1,067E-2
148,032		
148,066		
148,099		
148,132		
148,166	4,173E-2	1,102E-2
148,199		
148,232		
148,266		
148,299		
148,332	4,173E-2	1,102E-2
148,366		
148,399		
148,432		
148,466		
148,499	4,172E-2	1,093E-2
148,532		
148,566		
148,599		
148,632		
148,666	4,172E-2	1,085E-2
148,699		
148,732		
148,766		
148,799		
148,832	4,163E-2	1,059E-2
148,866		
148,899		
148,932		
148,966		
148,999	4,163E-2	1,059E-2
149,032		
149,066		
149,099		
149,132		
149,166	4,163E-2	1,051E-2
149,199		
149,232		
149,266		
149,299		
149,332	4,146E-2	1,051E-2
149,366		
149,399		
149,432		
149,466		
149,499	4,155E-2	1,043E-2
149,532		
149,566		
149,599		
149,632		
149,666	4,155E-2	1,068E-2
149,699		
149,732		
149,766		
149,799		
149,832	4,155E-2	1,076E-2
149,866		
149,899		
149,932		
149,966		
149,999	4,155E-2	1,060E-2
150,032		
150,066		
150,099		
150,132		
150,166	4,155E-2	1,060E-2
150,199		
150,232		
150,266		
150,299		
150,332	4,154E-2	1,026E-2
150,366		
150,399		
150,432		
150,466		
150,499	4,154E-2	1,000E-2
150,532		
150,566		
150,599		
150,632		
150,666	4,154E-2	9,833E-3
150,699		
150,732		
150,766		
150,799		
150,832	4,153E-2	9,578E-3
150,866		
150,899		
150,932		
150,966		
150,999	4,153E-2	9,324E-3
151,032		
151,066		
151,099		
151,132		
151,166	4,153E-2	9,239E-3
151,199		
151,232		
151,266		
151,299		
151,332	4,152E-2	8,731E-3
151,366		
151,399		
151,432		
151,466		
151,499	4,152E-2	8,561E-3
151,532		
151,566		
151,599		
151,632		
151,666	4,151E-2	8,392E-3
151,699		
151,732		
151,766		
151,799		
151,832	4,151E-2	8,137E-3
151,866		
151,899		
151,932		
151,966		
151,999	4,151E-2	7,883E-3
152,032		
152,066		
152,099		
152,132		
152,166	4,151E-2	7,883E-3
152,199		
152,232		
152,266		
152,299		
152,332	4,150E-2	7,629E-3
152,366		
152,399		
152,432		
152,466		
152,499	4,150E-2	7,374E-3
152,532		
152,566		
152,599		
152,632		
152,666	4,150E-2	7,290E-3
152,699		
152,732		
152,766		
152,799		
152,832	4,149E-2	7,205E-3
152,866		
152,899		
152,932		
152,966		
152,999	4,149E-2	7,120E-3
153,032		
153,066		
153,099		
153,132		
153,166	4,149E-2	6,866E-3
153,199		
153,232		
153,266		
153,299		
153,332	4,148E-2	6,527E-3
153,366		
153,399		
153,432		
153,466		
153,499	4,148E-2	6,188E-3
153,532		
153,566		
153,599		
153,632		
153,666	4,147E-2	5,764E-3
153,699		
153,732		
153,766		
153,799		
153,832	4,147E-2	5,510E-3
153,866		
153,899		
153,932		
153,966		
153,999	4,147E-2	5,510E-3
