	masa A		
t	x	y	
0,000	4,096E-2	0,113
0,033		
0,067		
0,100		
0,133		
0,167	4,094E-2	0,113
0,200		
0,233		
0,267		
0,300		
0,333	4,082E-2	0,113
0,367		
0,400		
0,433		
0,467		
0,500	4,080E-2	0,113
0,533		
0,567		
0,600		
0,633		
0,667	4,060E-2	0,112
0,700		
0,733		
0,767		
0,800		
0,833	4,085E-2	0,112
0,867		
0,900		
0,933		
0,967		
1,000	4,074E-2	0,112
1,033		
1,067		
1,100		
1,133		
1,167	4,063E-2	0,111
1,200		
1,233		
1,267		
1,300		
1,333	4,053E-2	0,111
1,367		
1,400		
1,433		
1,467		
1,500	4,051E-2	0,111
1,533		
1,567		
1,600		
1,633		
1,667	4,048E-2	0,111
1,700		
1,733		
1,767		
1,800		
1,833	4,028E-2	0,110
1,867		
1,900		
1,933		
1,967		
2,000	4,030E-2	0,110
2,033		
2,067		
2,100		
2,133		
2,167	4,029E-2	0,110
2,200		
2,233		
2,267		
2,300		
2,333	4,027E-2	0,109
2,367		
2,400		
2,433		
2,467		
2,500	4,025E-2	0,109
2,533		
2,567		
2,600		
2,633		
2,667	4,023E-2	0,109
2,700		
2,733		
2,767		
2,800		
2,833	4,021E-2	0,109
2,867		
2,900		
2,933		
2,967		
3,000	4,009E-2	0,108
3,033		
3,067		
3,100		
3,133		
3,167	4,003E-2	0,108
3,200		
3,233		
3,267		
3,300		
3,333	3,997E-2	0,108
3,367		
3,400		
3,433		
3,467		
3,500	3,996E-2	0,108
3,533		
3,567		
3,600		
3,633		
3,667	4,007E-2	0,107
3,700		
3,733		
3,767		
3,800		
3,833	4,001E-2	0,107
3,867		
3,900		
3,933		
3,967		
4,000	3,995E-2	0,107
4,033		
4,067		
4,100		
4,133		
4,167	3,993E-2	0,107
4,200		
4,233		
4,267		
4,300		
4,333	3,983E-2	0,106
4,367		
4,400		
4,433		
4,467		
4,500	3,981E-2	0,106
4,533		
4,567		
4,600		
4,633		
4,667	3,980E-2	0,106
4,700		
4,733		
4,767		
4,800		
4,833	3,978E-2	0,106
4,867		
4,900		
4,933		
4,967		
5,000	3,976E-2	0,105
5,033		
5,067		
5,100		
5,133		
5,167	3,966E-2	0,105
5,200		
5,233		
5,267		
5,300		
5,333	3,963E-2	0,105
5,367		
5,400		
5,433		
5,467		
5,500	3,962E-2	0,105
5,533		
5,567		
5,600		
5,633		
5,667	3,960E-2	0,105
5,700		
5,733		
5,767		
5,800		
5,833	3,954E-2	0,104
5,867		
5,900		
5,933		
5,967		
6,000	3,947E-2	0,104
6,033		
6,067		
6,100		
6,133		
6,167	3,955E-2	0,104
6,200		
6,233		
6,267		
6,300		
6,333	3,939E-2	0,103
6,367		
6,400		
6,433		
6,467		
6,500	3,934E-2	0,103
6,533		
6,567		
6,600		
6,633		
6,667	3,932E-2	0,103
6,700		
6,733		
6,767		
6,800		
6,833	3,930E-2	0,103
6,867		
6,900		
6,933		
6,967		
7,000	3,928E-2	0,103
7,033		
7,067		
7,100		
7,133		
7,167	3,927E-2	0,102
7,200		
7,233		
7,267		
7,300		
7,333	3,925E-2	0,102
7,367		
7,400		
7,433		
7,467		
7,500	3,920E-2	0,102
7,533		
7,567		
7,600		
7,633		
7,667	3,918E-2	0,102
7,700		
7,733		
7,767		
7,800		
7,833	3,916E-2	0,102
7,867		
7,900		
7,933		
7,967		
8,000	3,915E-2	0,101
8,033		
8,067		
8,100		
8,133		
8,167	3,900E-2	0,101
8,200		
8,233		
8,267		
8,300		
8,333	3,898E-2	0,101
8,367		
8,400		
8,433		
8,467		
8,500	3,897E-2	0,101
8,533		
8,567		
8,600		
8,633		
8,667	3,891E-2	0,100
8,700		
8,733		
8,767		
8,800		
8,833	3,885E-2	0,100
8,867		
8,900		
8,933		
8,967		
9,000	3,879E-2	0,100
9,033		
9,067		
9,100		
9,133		
9,167	3,877E-2	9,976E-2
9,200		
9,233		
9,267		
9,300		
9,333	3,875E-2	9,949E-2
9,367		
9,400		
9,433		
9,467		
9,500	3,874E-2	9,927E-2
9,533		
9,567		
9,600		
9,633		
9,667	3,868E-2	9,905E-2
9,700		
9,733		
9,767		
9,800		
9,833	3,866E-2	9,883E-2
9,867		
9,900		
9,933		
9,967		
10,000	3,864E-2	9,861E-2
10,033		
10,067		
10,100		
10,133		
10,167	3,863E-2	9,843E-2
10,200		
10,233		
10,267		
10,300		
10,333	3,856E-2	9,808E-2
10,367		
10,400		
10,433		
10,467		
10,500	3,854E-2	9,781E-2
10,533		
10,567		
10,600		
10,633		
10,667	3,853E-2	9,759E-2
10,700		
10,733		
10,767		
10,800		
10,833	3,846E-2	9,728E-2
10,867		
10,900		
10,933		
10,967		
11,000	3,839E-2	9,697E-2
11,033		
11,067		
11,100		
11,133		
11,167	3,838E-2	9,684E-2
11,200		
11,233		
11,267		
11,300		
11,333	3,837E-2	9,657E-2
11,367		
11,400		
11,433		
11,467		
11,500	3,830E-2	9,631E-2
11,533		
11,567		
11,600		
11,633		
11,667	3,824E-2	9,609E-2
11,700		
11,733		
11,767		
11,800		
11,833	3,822E-2	9,578E-2
11,867		
11,900		
11,933		
11,967		
12,000	3,826E-2	9,573E-2
12,033		
12,067		
12,100		
12,133		
12,167	3,811E-2	9,552E-2
12,200		
12,233		
12,267		
12,300		
12,333	3,809E-2	9,525E-2
12,367		
12,400		
12,433		
12,467		
12,500	3,807E-2	9,494E-2
12,533		
12,567		
12,600		
12,633		
12,667	3,801E-2	9,477E-2
12,700		
12,733		
12,767		
12,800		
12,833	3,795E-2	9,455E-2
12,867		
12,900		
12,933		
12,967		
13,000	3,794E-2	9,437E-2
13,033		
13,067		
13,100		
13,133		
13,167	3,793E-2	9,419E-2
13,200		
13,233		
13,267		
13,300		
13,333	3,791E-2	9,388E-2
13,367		
13,400		
13,433		
13,467		
13,500	3,789E-2	9,370E-2
13,533		
13,567		
13,600		
13,633		
13,667	3,784E-2	9,357E-2
13,700		
13,733		
13,767		
13,800		
13,833	3,783E-2	9,340E-2
13,867		
13,900		
13,933		
13,967		
14,000	3,777E-2	9,322E-2
14,033		
14,067		
14,100		
14,133		
14,167	3,771E-2	9,296E-2
14,200		
14,233		
14,267		
14,300		
14,333	3,769E-2	9,274E-2
14,367		
14,400		
14,433		
14,467		
14,500	3,767E-2	9,247E-2
14,533		
14,567		
14,600		
14,633		
14,667	3,765E-2	9,225E-2
14,700		
14,733		
14,767		
14,800		
14,833	3,764E-2	9,198E-2
14,867		
14,900		
14,933		
14,967		
15,000	3,762E-2	9,180E-2
15,033		
15,067		
15,100		
15,133		
15,167	3,760E-2	9,154E-2
15,200		
15,233		
15,267		
15,300		
15,333	3,759E-2	9,132E-2
15,367		
15,400		
15,433		
15,467		
15,500	3,753E-2	9,114E-2
15,533		
15,567		
15,600		
15,633		
15,667	3,752E-2	9,096E-2
15,700		
15,733		
15,767		
15,800		
15,833	3,751E-2	9,079E-2
15,867		
15,900		
15,933		
15,967		
16,000	3,749E-2	9,061E-2
16,033		
16,067		
16,100		
16,133		
16,167	3,748E-2	9,039E-2
16,200		
16,233		
16,267		
16,300		
16,333	3,741E-2	9,012E-2
16,367		
16,400		
16,433		
16,467		
16,500	3,740E-2	8,995E-2
16,533		
16,567		
16,600		
16,633		
16,667	3,739E-2	8,981E-2
16,700		
16,733		
16,767		
16,800		
16,833	3,733E-2	8,959E-2
16,867		
16,900		
16,933		
16,967		
17,000	3,731E-2	8,933E-2
17,033		
17,067		
17,100		
17,133		
17,167	3,730E-2	8,919E-2
17,200		
17,233		
17,267		
17,300		
17,333	3,728E-2	8,888E-2
17,367		
17,400		
17,433		
17,467		
17,500	3,726E-2	8,866E-2
17,533		
17,567		
17,600		
17,633		
17,667	3,721E-2	8,853E-2
17,700		
17,733		
17,767		
17,800		
17,833	3,720E-2	8,835E-2
17,867		
17,900		
17,933		
17,967		
18,000	3,717E-2	8,800E-2
18,033		
18,067		
18,100		
18,133		
18,167	3,716E-2	8,778E-2
18,200		
18,233		
18,267		
18,300		
18,333	3,713E-2	8,747E-2
18,367		
18,400		
18,433		
18,467		
18,500	3,712E-2	8,724E-2
18,533		
18,567		
18,600		
18,633		
18,667	3,711E-2	8,707E-2
18,700		
18,733		
18,767		
18,800		
18,833	3,709E-2	8,689E-2
18,867		
18,900		
18,933		
18,967		
19,000	3,708E-2	8,667E-2
19,033		
19,067		
19,100		
19,133		
19,167	3,706E-2	8,640E-2
19,200		
19,233		
19,267		
19,300		
19,333	3,705E-2	8,627E-2
19,367		
19,400		
19,433		
19,467		
19,500	3,704E-2	8,613E-2
19,533		
19,567		
19,600		
19,633		
19,667	3,702E-2	8,591E-2
19,700		
19,733		
19,767		
19,800		
19,833	3,701E-2	8,569E-2
19,867		
19,900		
19,933		
19,967		
20,000	3,699E-2	8,547E-2
20,033		
20,067		
20,100		
20,133		
20,167	3,698E-2	8,524E-2
20,200		
20,233		
20,267		
20,300		
20,333	3,695E-2	8,493E-2
20,367		
20,400		
20,433		
20,467		
20,500	3,694E-2	8,471E-2
20,533		
20,567		
20,600		
20,633		
20,667	3,692E-2	8,445E-2
20,700		
20,733		
20,767		
20,800		
20,833	3,691E-2	8,427E-2
20,867		
20,900		
20,933		
20,967		
21,000	3,690E-2	8,413E-2
21,033		
21,067		
21,100		
21,133		
21,167	3,688E-2	8,391E-2
21,200		
21,233		
21,267		
21,300		
21,333	3,687E-2	8,373E-2
21,367		
21,400		
21,433		
21,467		
21,500	3,681E-2	8,356E-2
21,533		
21,567		
21,600		
21,633		
21,667	3,680E-2	8,334E-2
21,700		
21,733		
21,767		
21,800		
21,833	3,678E-2	8,312E-2
21,867		
21,900		
21,933		
21,967		
22,000	3,676E-2	8,289E-2
22,033		
22,067		
22,100		
22,133		
22,167	3,671E-2	8,276E-2
22,200		
22,233		
22,267		
22,300		
22,333	3,674E-2	8,249E-2
22,367		
22,400		
22,433		
22,467		
22,500	3,667E-2	8,228E-2
22,533		
22,567		
22,600		
22,633		
22,667	3,670E-2	8,201E-2
22,700		
22,733		
22,767		
22,800		
22,833	3,673E-2	8,174E-2
22,867		
22,900		
22,933		
22,967		
23,000	3,670E-2	8,134E-2
23,033		
23,067		
23,100		
23,133		
23,167	3,667E-2	8,098E-2
23,200		
23,233		
23,267		
23,300		
23,333	3,667E-2	8,094E-2
23,367		
23,400		
23,433		
23,467		
23,500	3,666E-2	8,076E-2
23,533		
23,567		
23,600		
23,633		
23,667	3,663E-2	8,040E-2
23,700		
23,733		
23,767		
23,800		
23,833	3,661E-2	8,005E-2
23,867		
23,900		
23,933		
23,967		
24,000	3,660E-2	7,992E-2
24,033		
24,067		
24,100		
24,133		
24,167	3,658E-2	7,974E-2
24,200		
24,233		
24,267		
24,300		
24,333	3,657E-2	7,956E-2
24,367		
24,400		
24,433		
24,467		
24,500	3,647E-2	7,948E-2
24,533		
24,567		
24,600		
24,633		
24,667	3,638E-2	7,940E-2
24,700		
24,733		
24,767		
24,800		
24,833	3,637E-2	7,922E-2
24,867		
24,900		
24,933		
24,967		
25,000	3,635E-2	7,904E-2
25,033		
25,067		
25,100		
25,133		
25,167	3,634E-2	7,877E-2
25,200		
25,233		
25,267		
25,300		
25,333	3,627E-2	7,851E-2
25,367		
25,400		
25,433		
25,467		
25,500	3,625E-2	7,824E-2
25,533		
25,567		
25,600		
25,633		
25,667	3,624E-2	7,807E-2
25,700		
25,733		
25,767		
25,800		
25,833	3,618E-2	7,780E-2
25,867		
25,900		
25,933		
25,967		
26,000	3,616E-2	7,758E-2
26,033		
26,067		
26,100		
26,133		
26,167	3,615E-2	7,740E-2
26,200		
26,233		
26,267		
26,300		
26,333	3,613E-2	7,718E-2
26,367		
26,400		
26,433		
26,467		
26,500	3,625E-2	7,691E-2
26,533		
26,567		
26,600		
26,633		
26,667	3,618E-2	7,664E-2
26,700		
26,733		
26,767		
26,800		
26,833	3,617E-2	7,646E-2
26,867		
26,900		
26,933		
26,967		
27,000	3,617E-2	7,642E-2
27,033		
27,067		
27,100		
27,133		
27,167	3,616E-2	7,629E-2
27,200		
27,233		
27,267		
27,300		
27,333	3,615E-2	7,611E-2
27,367		
27,400		
27,433		
27,467		
27,500	3,613E-2	7,593E-2
27,533		
27,567		
27,600		
27,633		
27,667	3,612E-2	7,575E-2
27,700		
27,733		
27,767		
27,800		
27,833	3,610E-2	7,553E-2
27,867		
27,900		
27,933		
27,967		
28,000	3,604E-2	7,531E-2
28,033		
28,067		
28,100		
28,133		
28,167	3,599E-2	7,514E-2
28,200		
28,233		
28,267		
28,300		
28,333	3,598E-2	7,505E-2
28,367		
28,400		
28,433		
28,467		
28,500	3,587E-2	7,479E-2
28,533		
28,567		
28,600		
28,633		
28,667	3,587E-2	7,479E-2
28,700		
28,733		
28,767		
28,800		
28,833	3,584E-2	7,439E-2
28,867		
28,900		
28,933		
28,967		
29,000	3,583E-2	7,417E-2
29,033		
29,067		
29,100		
29,133		
29,167	3,582E-2	7,403E-2
29,200		
29,233		
29,267		
29,300		
29,333	3,580E-2	7,381E-2
29,367		
29,400		
29,433		
29,467		
29,500	3,575E-2	7,364E-2
29,533		
29,567		
29,600		
29,633		
29,667	3,573E-2	7,346E-2
29,700		
29,733		
29,767		
29,800		
29,833	3,568E-2	7,333E-2
29,867		
29,900		
29,933		
29,967		
30,000	3,575E-2	7,310E-2
30,033		
30,067		
30,100		
30,133		
30,167	3,574E-2	7,292E-2
30,200		
30,233		
30,267		
30,300		
30,333	3,568E-2	7,266E-2
30,367		
30,400		
30,433		
30,467		
30,500	3,566E-2	7,248E-2
30,533		
30,567		
30,600		
30,633		
30,667	3,560E-2	7,226E-2
30,700		
30,733		
30,767		
30,800		
30,833	3,555E-2	7,218E-2
30,867		
30,900		
30,933		
30,967		
31,000	3,553E-2	7,187E-2
31,033		
31,067		
31,100		
31,133		
31,167	3,547E-2	7,169E-2
31,200		
31,233		
31,267		
31,300		
31,333	3,546E-2	7,152E-2
31,367		
31,400		
31,433		
31,467		
31,500	3,544E-2	7,129E-2
31,533		
31,567		
31,600		
31,633		
31,667	3,542E-2	7,098E-2
31,700		
31,733		
31,767		
31,800		
31,833	3,527E-2	7,073E-2
31,867		
31,900		
31,933		
31,967		
32,000	3,517E-2	7,056E-2
32,033		
32,067		
32,100		
32,133		
32,167	3,507E-2	7,047E-2
32,200		
32,233		
32,267		
32,300		
32,333	3,488E-2	7,026E-2
32,367		
32,400		
32,433		
32,467		
32,500	3,486E-2	6,995E-2
32,533		
32,567		
32,600		
32,633		
32,667	3,484E-2	6,969E-2
32,700		
32,733		
32,767		
32,800		
32,833	3,465E-2	6,961E-2
32,867		
32,900		
32,933		
32,967		
33,000	3,424E-2	6,946E-2
33,033		
33,067		
33,100		
33,133		
33,167	3,423E-2	6,924E-2
33,200		
33,233		
33,267		
33,300		
33,333	3,412E-2	6,898E-2
33,367		
33,400		
33,433		
33,467		
33,500	3,411E-2	6,885E-2
33,533		
33,567		
33,600		
33,633		
33,667	3,409E-2	6,858E-2
33,700		
33,733		
33,767		
33,800		
33,833	3,408E-2	6,840E-2
33,867		
33,900		
33,933		
33,967		
34,000	3,406E-2	6,818E-2
34,033		
34,067		
34,100		
34,133		
34,167	3,404E-2	6,791E-2
34,200		
34,233		
34,267		
34,300		
34,333	3,390E-2	6,774E-2
34,367		
34,400		
34,433		
34,467		
34,500	3,388E-2	6,757E-2
34,533		
34,567		
34,600		
34,633		
34,667	3,391E-2	6,730E-2
34,700		
34,733		
34,767		
34,800		
34,833	3,390E-2	6,716E-2
34,867		
34,900		
34,933		
34,967		
35,000	3,389E-2	6,699E-2
35,033		
35,067		
35,100		
35,133		
35,167	3,370E-2	6,682E-2
35,200		
35,233		
35,267		
35,300		
35,333	3,364E-2	6,665E-2
35,367		
35,400		
35,433		
35,467		
35,500	3,363E-2	6,647E-2
35,533		
35,567		
35,600		
35,633		
35,667	3,361E-2	6,625E-2
35,700		
35,733		
35,767		
35,800		
35,833	3,359E-2	6,603E-2
35,867		
35,900		
35,933		
35,967		
36,000	3,359E-2	6,589E-2
36,033		
36,067		
36,100		
36,133		
36,167	3,357E-2	6,563E-2
36,200		
36,233		
36,267		
36,300		
36,333	3,356E-2	6,558E-2
36,367		
36,400		
36,433		
36,467		
36,500	3,359E-2	6,536E-2
36,533		
36,567		
36,600		
36,633		
36,667	3,358E-2	6,513E-2
36,700		
36,733		
36,767		
36,800		
36,833	3,356E-2	6,491E-2
36,867		
36,900		
36,933		
36,967		
37,000	3,355E-2	6,473E-2
37,033		
37,067		
37,100		
37,133		
37,167	3,354E-2	6,460E-2
37,200		
37,233		
37,267		
37,300		
37,333	3,353E-2	6,451E-2
37,367		
37,400		
37,433		
37,467		
37,500	3,352E-2	6,433E-2
37,533		
37,567		
37,600		
37,633		
37,667	3,351E-2	6,416E-2
37,700		
37,733		
37,767		
37,800		
37,833	3,349E-2	6,389E-2
37,867		
37,900		
37,933		
37,967		
38,000	3,347E-2	6,367E-2
38,033		
38,067		
38,100		
38,133		
38,167	3,346E-2	6,345E-2
38,200		
38,233		
38,267		
38,300		
38,333	3,340E-2	6,327E-2
38,367		
38,400		
38,433		
38,467		
38,500	3,339E-2	6,309E-2
38,533		
38,567		
38,600		
38,633		
38,667	3,338E-2	6,301E-2
38,700		
38,733		
38,767		
38,800		
38,833	3,341E-2	6,278E-2
38,867		
38,900		
38,933		
38,967		
39,000	3,339E-2	6,260E-2
39,033		
39,067		
39,100		
39,133		
39,167	3,342E-2	6,238E-2
39,200		
39,233		
39,267		
39,300		
39,333	3,341E-2	6,224E-2
39,367		
39,400		
39,433		
39,467		
39,500	3,343E-2	6,189E-2
39,533		
39,567		
39,600		
39,633		
39,667	3,343E-2	6,189E-2
39,700		
39,733		
39,767		
39,800		
39,833	3,346E-2	6,157E-2
39,867		
39,900		
39,933		
39,967		
40,000	3,345E-2	6,144E-2
40,033		
40,067		
40,100		
40,133		
40,167	3,343E-2	6,122E-2
40,200		
40,233		
40,267		
40,300		
40,333	3,341E-2	6,095E-2
40,367		
40,400		
40,433		
40,467		
40,500	3,341E-2	6,091E-2
40,533		
40,567		
40,600		
40,633		
40,667	3,326E-2	6,078E-2
40,700		
40,733		
40,767		
40,800		
40,833	3,329E-2	6,051E-2
40,867		
40,900		
40,933		
40,967		
41,000	3,327E-2	6,025E-2
41,033		
41,067		
41,100		
41,133		
41,167	3,326E-2	6,007E-2
41,200		
41,233		
41,267		
41,300		
41,333	3,325E-2	5,998E-2
41,367		
41,400		
41,433		
41,467		
41,500	3,324E-2	5,980E-2
41,533		
41,567		
41,600		
41,633		
41,667	3,327E-2	5,967E-2
41,700		
41,733		
41,767		
41,800		
41,833	3,326E-2	5,949E-2
41,867		
41,900		
41,933		
41,967		
42,000	3,333E-2	5,917E-2
42,033		
42,067		
42,100		
42,133		
42,167	3,327E-2	5,895E-2
42,200		
42,233		
42,267		
42,300		
42,333	3,325E-2	5,873E-2
42,367		
42,400		
42,433		
42,467		
42,500	3,324E-2	5,860E-2
42,533		
42,567		
42,600		
42,633		
42,667	3,324E-2	5,860E-2
42,700		
42,733		
42,767		
42,800		
42,833	3,323E-2	5,842E-2
42,867		
42,900		
42,933		
42,967		
43,000	3,321E-2	5,815E-2
43,033		
43,067		
43,100		
43,133		
43,167	3,319E-2	5,789E-2
43,200		
43,233		
43,267		
43,300		
43,333	3,326E-2	5,766E-2
43,367		
43,400		
43,433		
43,467		
43,500	3,325E-2	5,739E-2
43,533		
43,567		
43,600		
43,633		
43,667	3,324E-2	5,726E-2
43,700		
43,733		
43,767		
43,800		
43,833	3,328E-2	5,721E-2
43,867		
43,900		
43,933		
43,967		
44,000	3,322E-2	5,704E-2
44,033		
44,067		
44,100		
44,133		
44,167	3,321E-2	5,686E-2
44,200		
44,233		
44,267		
44,300		
44,333	3,315E-2	5,668E-2
44,367		
44,400		
44,433		
44,467		
44,500	3,313E-2	5,646E-2
44,533		
44,567		
44,600		
44,633		
44,667	3,313E-2	5,633E-2
44,700		
44,733		
44,767		
44,800		
44,833	3,311E-2	5,615E-2
44,867		
44,900		
44,933		
44,967		
45,000	3,310E-2	5,597E-2
45,033		
45,067		
45,100		
45,133		
45,167	3,308E-2	5,575E-2
45,200		
45,233		
45,267		
45,300		
45,333	3,307E-2	5,553E-2
45,367		
45,400		
45,433		
45,467		
45,500	3,306E-2	5,540E-2
45,533		
45,567		
45,600		
45,633		
45,667	3,318E-2	5,521E-2
45,700		
45,733		
45,767		
45,800		
45,833	3,316E-2	5,499E-2
45,867		
45,900		
45,933		
45,967		
46,000	3,315E-2	5,481E-2
46,033		
46,067		
46,100		
46,133		
46,167	3,314E-2	5,463E-2
46,200		
46,233		
46,267		
46,300		
46,333	3,312E-2	5,432E-2
46,367		
46,400		
46,433		
46,467		
46,500	3,309E-2	5,401E-2
46,533		
46,567		
46,600		
46,633		
46,667	3,308E-2	5,388E-2
46,700		
46,733		
46,767		
46,800		
46,833	3,308E-2	5,383E-2
46,867		
46,900		
46,933		
46,967		
47,000	3,307E-2	5,370E-2
47,033		
47,067		
47,100		
47,133		
47,167	3,307E-2	5,370E-2
47,200		
47,233		
47,267		
47,300		
47,333	3,310E-2	5,343E-2
47,367		
47,400		
47,433		
47,467		
47,500	3,309E-2	5,330E-2
47,533		
47,567		
47,600		
47,633		
47,667	3,307E-2	5,312E-2
47,700		
47,733		
47,767		
47,800		
47,833	3,302E-2	5,294E-2
47,867		
47,900		
47,933		
47,967		
48,000	3,300E-2	5,277E-2
48,033		
48,067		
48,100		
48,133		
48,167	3,295E-2	5,259E-2
48,200		
48,233		
48,267		
48,300		
48,333	3,294E-2	5,241E-2
48,367		
48,400		
48,433		
48,467		
48,500	3,292E-2	5,224E-2
48,533		
48,567		
48,600		
48,633		
48,667	3,291E-2	5,206E-2
48,700		
48,733		
48,767		
48,800		
48,833	3,285E-2	5,188E-2
48,867		
48,900		
48,933		
48,967		
49,000	3,284E-2	5,171E-2
49,033		
49,067		
49,100		
49,133		
49,167	3,283E-2	5,153E-2
49,200		
49,233		
49,267		
49,300		
49,333	3,281E-2	5,135E-2
49,367		
49,400		
49,433		
49,467		
49,500	3,280E-2	5,122E-2
49,533		
49,567		
49,600		
49,633		
49,667	3,280E-2	5,113E-2
49,700		
49,733		
49,767		
49,800		
49,833	3,279E-2	5,100E-2
49,867		
49,900		
49,933		
49,967		
50,000	3,278E-2	5,086E-2
50,033		
50,067		
50,100		
50,133		
50,167	3,272E-2	5,064E-2
50,200		
50,233		
50,267		
50,300		
50,333	3,271E-2	5,047E-2
50,367		
50,400		
50,433		
50,467		
50,500	3,269E-2	5,029E-2
50,533		
50,567		
50,600		
50,633		
50,667	3,268E-2	5,011E-2
50,700		
50,733		
50,767		
50,800		
50,833	3,267E-2	4,998E-2
50,867		
50,900		
50,933		
50,967		
51,000	3,266E-2	4,985E-2
51,033		
51,067		
51,100		
51,133		
51,167	3,265E-2	4,971E-2
51,200		
51,233		
51,267		
51,300		
51,333	3,264E-2	4,958E-2
51,367		
51,400		
51,433		
51,467		
51,500	3,263E-2	4,945E-2
51,533		
51,567		
51,600		
51,633		
51,667	3,262E-2	4,922E-2
51,700		
51,733		
51,767		
51,800		
51,833	3,260E-2	4,900E-2
51,867		
51,900		
51,933		
51,967		
52,000	3,259E-2	4,882E-2
52,033		
52,067		
52,100		
52,133		
52,167	3,258E-2	4,869E-2
52,200		
52,233		
52,267		
52,300		
52,333	3,257E-2	4,860E-2
52,367		
52,400		
52,433		
52,467		
52,500	3,256E-2	4,838E-2
52,533		
52,567		
52,600		
52,633		
52,667	3,255E-2	4,829E-2
52,700		
52,733		
52,767		
52,800		
52,833	3,254E-2	4,807E-2
52,867		
52,900		
52,933		
52,967		
53,000	3,251E-2	4,767E-2
53,033		
53,067		
53,100		
53,133		
53,167	3,250E-2	4,754E-2
53,200		
53,233		
53,267		
53,300		
53,333	3,249E-2	4,745E-2
53,367		
53,400		
53,433		
53,467		
53,500	3,248E-2	4,727E-2
53,533		
53,567		
53,600		
53,633		
53,667	3,248E-2	4,727E-2
53,700		
53,733		
53,767		
53,800		
53,833	3,247E-2	4,709E-2
53,867		
53,900		
53,933		
53,967		
54,000	3,250E-2	4,696E-2
54,033		
54,067		
54,100		
54,133		
54,167	3,249E-2	4,682E-2
54,200		
54,233		
54,267		
54,300		
54,333	3,248E-2	4,660E-2
54,367		
54,400		
54,433		
54,467		
54,500	3,246E-2	4,638E-2
54,533		
54,567		
54,600		
54,633		
54,667	3,245E-2	4,620E-2
54,700		
54,733		
54,767		
54,800		
54,833	3,243E-2	4,602E-2
54,867		
54,900		
54,933		
54,967		
55,000	3,242E-2	4,585E-2
55,033		
55,067		
55,100		
55,133		
55,167	3,242E-2	4,580E-2
55,200		
55,233		
55,267		
55,300		
55,333	3,241E-2	4,571E-2
55,367		
55,400		
55,433		
55,467		
55,500	3,240E-2	4,558E-2
55,533		
55,567		
55,600		
55,633		
55,667	3,239E-2	4,545E-2
55,700		
55,733		
55,767		
55,800		
55,833	3,238E-2	4,531E-2
55,867		
55,900		
55,933		
55,967		
56,000	3,238E-2	4,527E-2
56,033		
56,067		
56,100		
56,133		
56,167	3,237E-2	4,513E-2
56,200		
56,233		
56,267		
56,300		
56,333	3,236E-2	4,496E-2
56,367		
56,400		
56,433		
56,467		
56,500	3,235E-2	4,478E-2
56,533		
56,567		
56,600		
56,633		
56,667	3,233E-2	4,460E-2
56,700		
56,733		
56,767		
56,800		
56,833	3,232E-2	4,442E-2
56,867		
56,900		
56,933		
56,967		
57,000	3,226E-2	4,425E-2
57,033		
57,067		
57,100		
57,133		
57,167	3,225E-2	4,407E-2
57,200		
57,233		
57,267		
57,300		
57,333	3,228E-2	4,389E-2
57,367		
57,400		
57,433		
57,467		
57,500	3,227E-2	4,371E-2
57,533		
57,567		
57,600		
57,633		
57,667	3,226E-2	4,354E-2
57,700		
57,733		
57,767		
57,800		
57,833	3,224E-2	4,336E-2
57,867		
57,900		
57,933		
57,967		
58,000	3,223E-2	4,323E-2
58,033		
58,067		
58,100		
58,133		
58,167	3,223E-2	4,318E-2
58,200		
58,233		
58,267		
58,300		
58,333	3,222E-2	4,300E-2
58,367		
58,400		
58,433		
58,467		
58,500	3,221E-2	4,291E-2
58,533		
58,567		
58,600		
58,633		
58,667	3,221E-2	4,283E-2
58,700		
58,733		
58,767		
58,800		
58,833	3,219E-2	4,265E-2
58,867		
58,900		
58,933		
58,967		
59,000	3,214E-2	4,252E-2
59,033		
59,067		
59,100		
59,133		
59,167	3,213E-2	4,243E-2
59,200		
59,233		
59,267		
59,300		
59,333	3,212E-2	4,230E-2
59,367		
59,400		
59,433		
59,467		
59,500	3,211E-2	4,216E-2
59,533		
59,567		
59,600		
59,633		
59,667	3,210E-2	4,194E-2
59,700		
59,733		
59,767		
59,800		
59,833	3,209E-2	4,185E-2
59,867		
59,900		
59,933		
59,967		
60,000	3,208E-2	4,176E-2
60,033		
60,067		
60,100		
60,133		
60,167	3,208E-2	4,167E-2
60,200		
60,233		
60,267		
60,300		
60,333	3,207E-2	4,159E-2
60,367		
60,400		
60,433		
60,467		
60,500	3,206E-2	4,141E-2
60,533		
60,567		
60,600		
60,633		
60,667	3,203E-2	4,105E-2
60,700		
60,733		
60,767		
60,800		
60,833	3,202E-2	4,087E-2
60,867		
60,900		
60,933		
60,967		
61,000	3,201E-2	4,070E-2
61,033		
61,067		
61,100		
61,133		
61,167	3,199E-2	4,039E-2
61,200		
61,233		
61,267		
61,300		
61,333	3,197E-2	4,016E-2
61,367		
61,400		
61,433		
61,467		
61,500	3,196E-2	4,003E-2
61,533		
61,567		
61,600		
61,633		
61,667	3,195E-2	3,985E-2
61,700		
61,733		
61,767		
61,800		
61,833	3,194E-2	3,972E-2
61,867		
61,900		
61,933		
61,967		
62,000	3,193E-2	3,963E-2
62,033		
62,067		
62,100		
62,133		
62,167	3,192E-2	3,950E-2
62,200		
62,233		
62,267		
62,300		
62,333	3,195E-2	3,927E-2
62,367		
62,400		
62,433		
62,467		
62,500	3,199E-2	3,914E-2
62,533		
62,567		
62,600		
62,633		
62,667	3,197E-2	3,891E-2
62,700		
62,733		
62,767		
62,800		
62,833	3,196E-2	3,883E-2
62,867		
62,900		
62,933		
62,967		
63,000	3,196E-2	3,878E-2
63,033		
63,067		
63,100		
63,133		
63,167	3,195E-2	3,860E-2
63,200		
63,233		
63,267		
63,300		
63,333	3,194E-2	3,851E-2
63,367		
63,400		
63,433		
63,467		
63,500	3,188E-2	3,830E-2
63,533		
63,567		
63,600		
63,633		
63,667	3,187E-2	3,816E-2
63,700		
63,733		
63,767		
63,800		
63,833	3,186E-2	3,803E-2
63,867		
63,900		
63,933		
63,967		
64,000	3,189E-2	3,785E-2
64,033		
64,067		
64,100		
64,133		
64,167	3,193E-2	3,776E-2
64,200		
64,233		
64,267		
64,300		
64,333	3,192E-2	3,758E-2
64,367		
64,400		
64,433		
64,467		
64,500	3,192E-2	3,758E-2
64,533		
64,567		
64,600		
64,633		
64,667	3,195E-2	3,735E-2
64,700		
64,733		
64,767		
64,800		
64,833	3,194E-2	3,726E-2
64,867		
64,900		
64,933		
64,967		
65,000	3,193E-2	3,713E-2
65,033		
65,067		
65,100		
65,133		
65,167	3,199E-2	3,664E-2
65,200		
65,233		
65,267		
65,300		
65,333	3,188E-2	3,642E-2
65,367		
65,400		
65,433		
65,467		
65,500	3,187E-2	3,624E-2
65,533		
65,567		
65,600		
65,633		
65,667	3,186E-2	3,607E-2
65,700		
65,733		
65,767		
65,800		
65,833	3,184E-2	3,584E-2
65,867		
65,900		
65,933		
65,967		
66,000	3,183E-2	3,571E-2
66,033		
66,067		
66,100		
66,133		
66,167	3,182E-2	3,562E-2
66,200		
66,233		
66,267		
66,300		
66,333	3,182E-2	3,553E-2
66,367		
66,400		
66,433		
66,467		
66,500	3,181E-2	3,536E-2
66,533		
66,567		
66,600		
66,633		
66,667	3,179E-2	3,518E-2
66,700		
66,733		
66,767		
66,800		
66,833	3,178E-2	3,500E-2
66,867		
66,900		
66,933		
66,967		
67,000	3,172E-2	3,478E-2
67,033		
67,067		
67,100		
67,133		
67,167	3,171E-2	3,465E-2
67,200		
67,233		
67,267		
67,300		
67,333	3,160E-2	3,434E-2
67,367		
67,400		
67,433		
67,467		
67,500	3,163E-2	3,421E-2
67,533		
67,567		
67,600		
67,633		
67,667	3,155E-2	3,421E-2
67,700		
67,733		
67,767		
67,800		
67,833	3,155E-2	3,421E-2
67,867		
67,900		
67,933		
67,967		
68,000	3,150E-2	3,417E-2
68,033		
68,067		
68,100		
68,133		
68,167	3,149E-2	3,399E-2
68,200		
68,233		
68,267		
68,300		
68,333	3,147E-2	3,382E-2
68,367		
68,400		
68,433		
68,467		
68,500	3,146E-2	3,359E-2
68,533		
68,567		
68,600		
68,633		
68,667	3,145E-2	3,346E-2
68,700		
68,733		
68,767		
68,800		
68,833	3,144E-2	3,337E-2
68,867		
68,900		
68,933		
68,967		
69,000	3,134E-2	3,325E-2
69,033		
69,067		
69,100		
69,133		
69,167	3,135E-2	3,329E-2
69,200		
69,233		
69,267		
69,300		
69,333	3,133E-2	3,311E-2
69,367		
69,400		
69,433		
69,467		
69,500	3,133E-2	3,302E-2
69,533		
69,567		
69,600		
69,633		
69,667	3,132E-2	3,289E-2
69,700		
69,733		
69,767		
69,800		
69,833	3,130E-2	3,271E-2
69,867		
69,900		
69,933		
69,967		
70,000	3,120E-2	3,250E-2
70,033		
70,067		
70,100		
70,133		
70,167	3,119E-2	3,232E-2
70,200		
70,233		
70,267		
70,300		
70,333	3,113E-2	3,215E-2
70,367		
70,400		
70,433		
70,467		
70,500	3,112E-2	3,201E-2
70,533		
70,567		
70,600		
70,633		
70,667	3,111E-2	3,188E-2
70,700		
70,733		
70,767		
70,800		
70,833	3,110E-2	3,179E-2
70,867		
70,900		
70,933		
70,967		
71,000	3,109E-2	3,161E-2
71,033		
71,067		
71,100		
71,133		
71,167	3,109E-2	3,152E-2
71,200		
71,233		
71,267		
71,300		
71,333	3,112E-2	3,143E-2
71,367		
71,400		
71,433		
71,467		
71,500	3,116E-2	3,130E-2
71,533		
71,567		
71,600		
71,633		
71,667	3,115E-2	3,116E-2
71,700		
71,733		
71,767		
71,800		
71,833	3,118E-2	3,103E-2
71,867		
71,900		
71,933		
71,967		
72,000	3,118E-2	3,094E-2
72,033		
72,067		
72,100		
72,133		
72,167	3,121E-2	3,076E-2
72,200		
72,233		
72,267		
72,300		
72,333	3,124E-2	3,058E-2
72,367		
72,400		
72,433		
72,467		
72,500	3,128E-2	3,044E-2
72,533		
72,567		
72,600		
72,633		
72,667	3,126E-2	3,026E-2
72,700		
72,733		
72,767		
72,800		
72,833	3,129E-2	3,004E-2
72,867		
72,900		
72,933		
72,967		
73,000	3,137E-2	2,985E-2
73,033		
73,067		
73,100		
73,133		
73,167	3,140E-2	2,967E-2
73,200		
73,233		
73,267		
73,300		
73,333	3,139E-2	2,958E-2
73,367		
73,400		
73,433		
73,467		
73,500	3,138E-2	2,945E-2
73,533		
73,567		
73,600		
73,633		
73,667	3,142E-2	2,927E-2
73,700		
73,733		
73,767		
73,800		
73,833	3,140E-2	2,909E-2
73,867		
73,900		
73,933		
73,967		
74,000	3,140E-2	2,900E-2
74,033		
74,067		
74,100		
74,133		
74,167	3,139E-2	2,896E-2
74,200		
74,233		
74,267		
74,300		
74,333	3,142E-2	2,864E-2
74,367		
74,400		
74,433		
74,467		
74,500	3,141E-2	2,860E-2
74,533		
74,567		
74,600		
74,633		
74,667	3,141E-2	2,851E-2
74,700		
74,733		
74,767		
74,800		
74,833	3,144E-2	2,833E-2
74,867		
74,900		
74,933		
74,967		
75,000	3,147E-2	2,815E-2
75,033		
75,067		
75,100		
75,133		
75,167	3,146E-2	2,806E-2
75,200		
75,233		
75,267		
75,300		
75,333	3,150E-2	2,792E-2
75,367		
75,400		
75,433		
75,467		
75,500	3,153E-2	2,770E-2
75,533		
75,567		
75,600		
75,633		
75,667	3,153E-2	2,770E-2
75,700		
75,733		
75,767		
75,800		
75,833	3,156E-2	2,761E-2
75,867		
75,900		
75,933		
75,967		
76,000	3,155E-2	2,743E-2
76,033		
76,067		
76,100		
76,133		
76,167	3,155E-2	2,734E-2
76,200		
76,233		
76,267		
76,300		
76,333	3,157E-2	2,711E-2
76,367		
76,400		
76,433		
76,467		
76,500	3,157E-2	2,711E-2
76,533		
76,567		
76,600		
76,633		
76,667	3,157E-2	2,711E-2
76,700		
76,733		
76,767		
76,800		
76,833	3,156E-2	2,689E-2
76,867		
76,900		
76,933		
76,967		
77,000	3,159E-2	2,671E-2
77,033		
77,067		
77,100		
77,133		
77,167	3,158E-2	2,662E-2
77,200		
77,233		
77,267		
77,300		
77,333	3,157E-2	2,649E-2
77,367		
77,400		
77,433		
77,467		
77,500	3,165E-2	2,635E-2
77,533		
77,567		
77,600		
77,633		
77,667	3,164E-2	2,617E-2
77,700		
77,733		
77,767		
77,800		
77,833	3,164E-2	2,617E-2
77,867		
77,900		
77,933		
77,967		
78,000	3,163E-2	2,608E-2
78,033		
78,067		
78,100		
78,133		
78,167	3,162E-2	2,591E-2
78,200		
78,233		
78,267		
78,300		
78,333	3,157E-2	2,578E-2
78,367		
78,400		
78,433		
78,467		
78,500	3,155E-2	2,551E-2
78,533		
78,567		
78,600		
78,633		
78,667	3,149E-2	2,538E-2
78,700		
78,733		
78,767		
78,800		
78,833	3,149E-2	2,538E-2
78,867		
78,900		
78,933		
78,967		
79,000	3,149E-2	2,525E-2
79,033		
79,067		
79,100		
79,133		
79,167	3,161E-2	2,506E-2
79,200		
79,233		
79,267		
79,300		
79,333	3,164E-2	2,492E-2
79,367		
79,400		
79,433		
79,467		
79,500	3,163E-2	2,483E-2
79,533		
79,567		
79,600		
79,633		
79,667	3,167E-2	2,465E-2
79,700		
79,733		
79,767		
79,800		
79,833	3,156E-2	2,448E-2
79,867		
79,900		
79,933		
79,967		
80,000	3,157E-2	2,457E-2
80,033		
80,067		
80,100		
80,133		
80,167	3,157E-2	2,457E-2
80,200		
80,233		
80,267		
80,300		
80,333	3,157E-2	2,457E-2
80,367		
80,400		
80,433		
80,467		
80,500	3,157E-2	2,457E-2
80,533		
80,567		
80,600		
80,633		
80,667	3,160E-2	2,439E-2
80,700		
80,733		
80,767		
80,800		
80,833	3,158E-2	2,403E-2
80,867		
80,900		
80,933		
80,967		
81,000	3,162E-2	2,394E-2
81,033		
81,067		
81,100		
81,133		
81,167	3,162E-2	2,394E-2
81,200		
81,233		
81,267		
81,300		
81,333	3,156E-2	2,377E-2
81,367		
81,400		
81,433		
81,467		
81,500	3,155E-2	2,363E-2
81,533		
81,567		
81,600		
81,633		
81,667	3,153E-2	2,341E-2
81,700		
81,733		
81,767		
81,800		
81,833	3,152E-2	2,323E-2
81,867		
81,900		
81,933		
81,967		
82,000	3,150E-2	2,297E-2
82,033		
82,067		
82,100		
82,133		
82,167	3,146E-2	2,306E-2
82,200		
82,233		
82,267		
82,300		
82,333	3,146E-2	2,297E-2
82,367		
82,400		
82,433		
82,467		
82,500	3,145E-2	2,284E-2
82,533		
82,567		
82,600		
82,633		
82,667	3,144E-2	2,271E-2
82,700		
82,733		
82,767		
82,800		
82,833	3,143E-2	2,262E-2
82,867		
82,900		
82,933		
82,967		
83,000	3,143E-2	2,253E-2
83,033		
83,067		
83,100		
83,133		
83,167	3,141E-2	2,235E-2
83,200		
83,233		
83,267		
83,300		
83,333	3,144E-2	2,217E-2
83,367		
83,400		
83,433		
83,467		
83,500	3,144E-2	2,217E-2
83,533		
83,567		
83,600		
83,633		
83,667	3,144E-2	2,208E-2
83,700		
83,733		
83,767		
83,800		
83,833	3,156E-2	2,198E-2
83,867		
83,900		
83,933		
83,967		
84,000	3,156E-2	2,194E-2
84,033		
84,067		
84,100		
84,133		
84,167	3,155E-2	2,176E-2
84,200		
84,233		
84,267		
84,300		
84,333	3,154E-2	2,163E-2
84,367		
84,400		
84,433		
84,467		
84,500	3,152E-2	2,136E-2
84,533		
84,567		
84,600		
84,633		
84,667	3,149E-2	2,092E-2
84,700		
84,733		
84,767		
84,800		
84,833	3,183E-2	2,076E-2
84,867		
84,900		
84,933		
84,967		
85,000	3,183E-2	2,076E-2
85,033		
85,067		
85,100		
85,133		
85,167	3,182E-2	2,058E-2
85,200		
85,233		
85,267		
85,300		
85,333	3,182E-2	2,049E-2
85,367		
85,400		
85,433		
85,467		
85,500	3,179E-2	2,014E-2
85,533		
85,567		
85,600		
85,633		
85,667	3,178E-2	1,996E-2
85,700		
85,733		
85,767		
85,800		
85,833	3,177E-2	1,987E-2
85,867		
85,900		
85,933		
85,967		
86,000	3,175E-2	1,951E-2
86,033		
86,067		
86,100		
86,133		
86,167	3,173E-2	1,925E-2
86,200		
86,233		
86,267		
86,300		
86,333	3,171E-2	1,907E-2
86,367		
86,400		
86,433		
86,467		
86,500	3,169E-2	1,880E-2
86,533		
86,567		
86,600		
86,633		
86,667	3,169E-2	1,871E-2
86,700		
86,733		
86,767		
86,800		
86,833	3,168E-2	1,854E-2
86,867		
86,900		
86,933		
86,967		
87,000	3,171E-2	1,836E-2
87,033		
87,067		
87,100		
87,133		
87,167	3,171E-2	1,836E-2
87,200		
87,233		
87,267		
87,300		
87,333	3,171E-2	1,836E-2
87,367		
87,400		
87,433		
87,467		
87,500	3,211E-2	1,842E-2
87,533		
87,567		
87,600		
87,633		
87,667	3,211E-2	1,842E-2
87,700		
87,733		
87,767		
87,800		
87,833	3,209E-2	1,806E-2
87,867		
87,900		
87,933		
87,967		
88,000	3,209E-2	1,806E-2
88,033		
88,067		
88,100		
88,133		
88,167	3,209E-2	1,806E-2
88,200		
88,233		
88,267		
88,300		
88,333	3,209E-2	1,806E-2
88,367		
88,400		
88,433		
88,467		
88,500	3,208E-2	1,797E-2
88,533		
88,567		
88,600		
88,633		
88,667	3,216E-2	1,779E-2
88,700		
88,733		
88,767		
88,800		
88,833	3,217E-2	1,797E-2
88,867		
88,900		
88,933		
88,967		
89,000	3,217E-2	1,797E-2
89,033		
89,067		
89,100		
89,133		
89,167	3,187E-2	1,745E-2
89,200		
89,233		
89,267		
89,300		
89,333	3,187E-2	1,745E-2
89,367		
89,400		
89,433		
89,467		
89,500	3,215E-2	1,761E-2
89,533		
89,567		
89,600		
89,633		
89,667	3,215E-2	1,761E-2
89,700		
89,733		
89,767		
89,800		
89,833	3,215E-2	1,761E-2
89,867		
89,900		
89,933		
89,967		
90,000	3,215E-2	1,761E-2
90,033		
90,067		
90,100		
90,133		
90,167	3,215E-2	1,761E-2
90,200		
90,233		
90,267		
90,300		
90,333	3,212E-2	1,726E-2
90,367		
90,400		
90,433		
90,467		
90,500	3,212E-2	1,726E-2
90,533		
90,567		
90,600		
90,633		
90,667	3,211E-2	1,708E-2
90,700		
90,733		
90,767		
90,800		
90,833	3,209E-2	1,681E-2
90,867		
90,900		
90,933		
90,967		
91,000	3,208E-2	1,672E-2
91,033		
91,067		
91,100		
91,133		
91,167	3,208E-2	1,672E-2
91,200		
91,233		
91,267		
91,300		
91,333	3,226E-2	1,671E-2
91,367		
91,400		
91,433		
91,467		
91,500	3,225E-2	1,662E-2
91,533		
91,567		
91,600		
91,633		
91,667	3,225E-2	1,662E-2
91,700		
91,733		
91,767		
91,800		
91,833	3,223E-2	1,627E-2
91,867		
91,900		
91,933		
91,967		
92,000	3,213E-2	1,618E-2
92,033		
92,067		
92,100		
92,133		
92,167	3,212E-2	1,601E-2
92,200		
92,233		
92,267		
92,300		
92,333	3,212E-2	1,601E-2
92,367		
92,400		
92,433		
92,467		
92,500	3,211E-2	1,592E-2
92,533		
92,567		
92,600		
92,633		
92,667	3,209E-2	1,565E-2
92,700		
92,733		
92,767		
92,800		
92,833	3,209E-2	1,556E-2
92,867		
92,900		
92,933		
92,967		
93,000	3,214E-2	1,502E-2
93,033		
93,067		
93,100		
93,133		
93,167	3,211E-2	1,467E-2
93,200		
93,233		
93,267		
93,300		
93,333	3,218E-2	1,439E-2
93,367		
93,400		
93,433		
93,467		
93,500	3,220E-2	1,466E-2
93,533		
93,567		
93,600		
93,633		
93,667	3,219E-2	1,448E-2
93,700		
93,733		
93,767		
93,800		
93,833	3,208E-2	1,422E-2
93,867		
93,900		
93,933		
93,967		
94,000	3,226E-2	1,421E-2
94,033		
94,067		
94,100		
94,133		
94,167	3,225E-2	1,403E-2
94,200		
94,233		
94,267		
94,300		
94,333	3,223E-2	1,386E-2
94,367		
94,400		
94,433		
94,467		
94,500	3,223E-2	1,386E-2
94,533		
94,567		
94,600		
94,633		
94,667	3,221E-2	1,359E-2
94,700		
94,733		
94,767		
94,800		
94,833	3,220E-2	1,332E-2
94,867		
94,900		
94,933		
94,967		
95,000	3,218E-2	1,314E-2
95,033		
95,067		
95,100		
95,133		
95,167	3,217E-2	1,297E-2
95,200		
95,233		
95,267		
95,300		
95,333	3,225E-2	1,278E-2
95,367		
95,400		
95,433		
95,467		
95,500	3,181E-2	1,290E-2
95,533		
95,567		
95,600		
95,633		
95,667	3,251E-2	1,276E-2
95,700		
95,733		
95,767		
95,800		
95,833	3,251E-2	1,276E-2
95,867		
95,900		
95,933		
95,967		
96,000	3,251E-2	1,276E-2
96,033		
96,067		
96,100		
96,133		
96,167	3,251E-2	1,268E-2
96,200		
96,233		
96,267		
96,300		
96,333	3,249E-2	1,250E-2
96,367		
96,400		
96,433		
96,467		
96,500	3,249E-2	1,241E-2
96,533		
96,567		
96,600		
96,633		
96,667	3,248E-2	1,232E-2
96,700		
96,733		
96,767		
96,800		
96,833	3,248E-2	1,232E-2
96,867		
96,900		
96,933		
96,967		
97,000	3,248E-2	1,232E-2
97,033		
97,067		
97,100		
97,133		
97,167	3,242E-2	1,206E-2
97,200		
97,233		
97,267		
97,300		
97,333	3,242E-2	1,206E-2
97,367		
97,400		
97,433		
97,467		
97,500	3,242E-2	1,206E-2
97,533		
97,567		
97,600		
97,633		
97,667	3,236E-2	1,184E-2
97,700		
97,733		
97,767		
97,800		
97,833	3,236E-2	1,184E-2
97,867		
97,900		
97,933		
97,967		
98,000	3,236E-2	1,184E-2
98,033		
98,067		
98,100		
98,133		
98,167	3,240E-2	1,175E-2
98,200		
98,233		
98,267		
98,300		
98,333	3,244E-2	1,170E-2
98,367		
98,400		
98,433		
98,467		
98,500	3,243E-2	1,165E-2
98,533		
98,567		
98,600		
98,633		
98,667	3,243E-2	1,165E-2
98,700		
98,733		
98,767		
98,800		
98,833	3,243E-2	1,157E-2
98,867		
98,900		
98,933		
98,967		
99,000	3,255E-2	1,147E-2
99,033		
99,067		
99,100		
99,133		
99,167	3,255E-2	1,147E-2
99,200		
99,233		
99,267		
99,300		
99,333	3,254E-2	1,124E-2
99,367		
99,400		
99,433		
99,467		
99,500	3,254E-2	1,124E-2
99,533		
99,567		
99,600		
99,633		
99,667	3,256E-2	1,093E-2
99,700		
99,733		
99,767		
99,800		
99,833	3,255E-2	1,075E-2
99,867		
99,900		
99,933		
99,967		
100,000	3,254E-2	1,058E-2
100,033		
100,067		
100,100		
100,133		
100,167	3,252E-2	1,035E-2
100,200		
100,233		
100,267		
100,300		
100,333	3,251E-2	1,018E-2
100,367		
100,400		
100,433		
100,467		
100,500	3,248E-2	9,776E-3
100,533		
100,567		
100,600		
100,633		
100,667	3,248E-2	9,776E-3
100,700		
100,733		
100,767		
100,800		
100,833	3,247E-2	9,599E-3
100,867		
100,900		
100,933		
100,967		
101,000	3,247E-2	9,599E-3
101,033		
101,067		
101,100		
101,133		
101,167	3,247E-2	9,599E-3
101,200		
101,233		
101,267		
101,300		
101,333	3,247E-2	9,599E-3
101,367		
101,400		
101,433		
101,467		
101,500	3,245E-2	9,421E-3
101,533		
101,567		
101,600		
101,633		
101,667	3,245E-2	9,421E-3
101,700		
101,733		
101,767		
101,800		
101,833	3,248E-2	9,196E-3
101,867		
101,900		
101,933		
101,967		
102,000	3,251E-2	8,970E-3
102,033		
102,067		
102,100		
102,133		
102,167	3,250E-2	8,882E-3
102,200		
102,233		
102,267		
102,300		
102,333	3,249E-2	8,704E-3
102,367		
102,400		
102,433		
102,467		
102,500	3,249E-2	8,660E-3
102,533		
102,567		
102,600		
102,633		
102,667	3,248E-2	8,482E-3
102,700		
102,733		
102,767		
102,800		
102,833	3,247E-2	8,349E-3
102,867		
102,900		
102,933		
102,967		
103,000	3,246E-2	8,216E-3
103,033		
103,067		
103,100		
103,133		
103,167	3,252E-2	7,898E-3
103,200		
103,233		
103,267		
103,300		
103,333	3,252E-2	7,898E-3
103,367		
103,400		
103,433		
103,467		
103,500	3,252E-2	7,809E-3
103,533		
103,567		
103,600		
103,633		
103,667	3,251E-2	7,765E-3
103,700		
103,733		
103,767		
103,800		
103,833	3,254E-2	7,584E-3
103,867		
103,900		
103,933		
103,967		
104,000	3,262E-2	7,356E-3
104,033		
104,067		
104,100		
104,133		
104,167	3,260E-2	7,089E-3
104,200		
104,233		
104,267		
104,300		
104,333	3,199E-2	9,142E-3
104,367		
104,400		
104,433		
104,467		
104,500	3,192E-2	6,915E-3
104,533		
104,567		
104,600		
104,633		
104,667	3,194E-2	7,181E-3
104,700		
104,733		
104,767		
104,800		
104,833	3,192E-2	6,915E-3
104,867		
104,900		
104,933		
104,967		
105,000	3,227E-2	6,801E-3
105,033		
105,067		
105,100		
105,133		
105,167	3,244E-2	6,699E-3
105,200		
105,233		
105,267		
105,300		
105,333	3,242E-2	6,433E-3
105,367		
105,400		
105,433		
105,467		
105,500	3,230E-2	6,084E-3
105,533		
105,567		
105,600		
105,633		
105,667	3,229E-2	5,906E-3
105,700		
105,733		
105,767		
105,800		
105,833	3,312E-2	8,793E-3
105,867		
105,900		
105,933		
105,967		
106,000	3,341E-2	9,040E-3
106,033		
106,067		
106,100		
106,133		
106,167	3,355E-2	8,583E-3
106,200		
106,233		
106,267		
106,300		
106,333	3,404E-2	7,924E-3
106,367		
106,400		
106,433		
106,467		
106,500	3,402E-2	7,568E-3
106,533		
106,567		
106,600		
106,633		
106,667	3,405E-2	6,852E-3
106,700		
106,733		
106,767		
106,800		
106,833	3,411E-2	6,401E-3
106,867		
106,900		
106,933		
106,967		
107,000	3,409E-2	6,046E-3
107,033		
107,067		
107,100		
107,133		
107,167	3,407E-2	5,779E-3
107,200		
107,233		
107,267		
107,300		
107,333	3,405E-2	5,602E-3
107,367		
107,400		
107,433		
107,467		
107,500	3,419E-2	5,056E-3
107,533		
107,567		
107,600		
107,633		
107,667	3,419E-2	5,056E-3
107,700		
107,733		
107,767		
107,800		
107,833	3,425E-2	4,606E-3
107,867		
107,900		
107,933		
107,967		
108,000	3,424E-2	4,428E-3
108,033		
108,067		
108,100		
108,133		
108,167	3,426E-2	4,695E-3
108,200		
108,233		
108,267		
108,300		
108,333	3,426E-2	4,695E-3
108,367		
108,400		
108,433		
108,467		
108,500	3,404E-2	5,424E-3
108,533		
108,567		
108,600		
108,633		
108,667	3,416E-2	7,023E-3
108,700		
108,733		
108,767		
108,800		
108,833	3,415E-2	6,934E-3
108,867		
108,900		
108,933		
108,967		
109,000	3,411E-2	7,562E-3
109,033		
109,067		
109,100		
109,133		
109,167	3,418E-2	7,378E-3
109,200		
109,233		
109,267		
109,300		
109,333	3,416E-2	7,023E-3
109,367		
109,400		
109,433		
109,467		
109,500	3,416E-2	7,023E-3
109,533		
109,567		
109,600		
109,633		
109,667	3,414E-2	6,845E-3
109,700		
109,733		
109,767		
109,800		
109,833	3,421E-2	6,484E-3
109,867		
109,900		
109,933		
109,967		
110,000	3,419E-2	6,217E-3
110,033		
110,067		
110,100		
110,133		
110,167	3,418E-2	6,040E-3
110,200		
110,233		
110,267		
110,300		
110,333	3,417E-2	5,951E-3
110,367		
110,400		
110,433		
110,467		
110,500	3,416E-2	5,773E-3
110,533		
110,567		
110,600		
110,633		
110,667	3,416E-2	5,773E-3
110,700		
110,733		
110,767		
110,800		
110,833	3,413E-2	5,418E-3
110,867		
110,900		
110,933		
110,967		
111,000	3,411E-2	5,063E-3
111,033		
111,067		
111,100		
111,133		
111,167	3,408E-2	4,707E-3
111,200		
111,233		
111,267		
111,300		
111,333	3,408E-2	4,707E-3
111,367		
111,400		
111,433		
111,467		
111,500	3,408E-2	4,707E-3
111,533		
111,567		
111,600		
111,633		
111,667	3,405E-2	4,352E-3
111,700		
111,733		
111,767		
111,800		
111,833	3,405E-2	4,263E-3
111,867		
111,900		
111,933		
111,967		
112,000	3,402E-2	3,908E-3
112,033		
112,067		
112,100		
112,133		
112,167	3,410E-2	4,974E-3
112,200		
112,233		
112,267		
112,300		
112,333	3,410E-2	4,974E-3
112,367		
112,400		
112,433		
112,467		
112,500	3,418E-2	4,790E-3
112,533		
112,567		
112,600		
112,633		
112,667	3,416E-2	4,523E-3
112,700		
112,733		
112,767		
112,800		
112,833	3,423E-2	4,339E-3
112,867		
112,900		
112,933		
112,967		
113,000	3,420E-2	3,895E-3
113,033		
113,067		
113,100		
113,133		
113,167	3,418E-2	3,629E-3
113,200		
113,233		
113,267		
113,300		
113,333	3,418E-2	3,540E-3
113,367		
113,400		
113,433		
113,467		
113,500	3,418E-2	3,540E-3
113,533		
113,567		
113,600		
113,633		
113,667	3,418E-2	3,540E-3
113,700		
113,733		
113,767		
113,800		
113,833	3,418E-2	3,540E-3
113,867		
113,900		
113,933		
113,967		
114,000	3,418E-2	3,540E-3
114,033		
114,067		
114,100		
114,133		
114,167	3,416E-2	3,274E-3
114,200		
114,233		
114,267		
114,300		
114,333	3,414E-2	3,096E-3
114,367		
114,400		
114,433		
114,467		
114,500	3,413E-2	2,918E-3
114,533		
114,567		
114,600		
114,633		
114,667	3,411E-2	2,652E-3
114,700		
114,733		
114,767		
114,800		
114,833	3,409E-2	2,385E-3
114,867		
114,900		
114,933		
114,967		
115,000	3,409E-2	2,297E-3
115,033		
115,067		
115,100		
115,133		
115,167	3,408E-2	2,208E-3
115,200		
115,233		
115,267		
115,300		
115,333	3,407E-2	2,030E-3
115,367		
115,400		
115,433		
115,467		
115,500	3,412E-2	1,580E-3
115,533		
115,567		
115,600		
115,633		
115,667	3,420E-2	1,396E-3
115,700		
115,733		
115,767		
115,800		
115,833	3,420E-2	1,396E-3
115,867		
115,900		
115,933		
115,967		
116,000	3,420E-2	1,396E-3
116,033		
116,067		
116,100		
116,133		
116,167	3,410E-2	1,224E-3
116,200		
116,233		
116,267		
116,300		
116,333	3,417E-2	9,516E-4
116,367		
116,400		
116,433		
116,467		
116,500	3,414E-2	5,963E-4
116,533		
116,567		
116,600		
116,633		
116,667	3,413E-2	4,187E-4
116,700		
116,733		
116,767		
116,800		
116,833	3,413E-2	4,187E-4
116,867		
116,900		
116,933		
116,967		
117,000	3,413E-2	4,187E-4
117,033		
117,067		
117,100		
117,133		
117,167	3,413E-2	4,187E-4
117,200		
117,233		
117,267		
117,300		
117,333	3,413E-2	4,187E-4
117,367		
117,400		
117,433		
117,467		
117,500	3,541E-2	7,740E-4
117,533		
117,567		
117,600		
117,633		
117,667	3,541E-2	7,740E-4
117,700		
117,733		
117,767		
117,800		
117,833	3,541E-2	7,740E-4
117,867		
117,900		
117,933		
117,967		
118,000	3,539E-2	5,075E-4
118,033		
118,067		
118,100		
118,133		
118,167	3,556E-2	4,948E-4
118,200		
118,233		
118,267		
118,300		
118,333	3,556E-2	4,948E-4
118,367		
118,400		
118,433		
118,467		
118,500	3,556E-2	4,948E-4
118,533		
118,567		
118,600		
118,633		
118,667	3,556E-2	4,948E-4
118,700		
118,733		
118,767		
118,800		
118,833	3,556E-2	4,948E-4
118,867		
118,900		
118,933		
118,967		
119,000	3,556E-2	4,948E-4
119,033		
119,067		
119,100		
119,133		
119,167	3,555E-2	3,172E-4
119,200		
119,233		
119,267		
119,300		
119,333	3,553E-2	-3,806E-5
119,367		
119,400		
119,433		
119,467		
119,500	3,703E-2	1,059E-3
119,533		
119,567		
119,600		
119,633		
119,667	3,703E-2	1,059E-3
119,700		
119,733		
119,767		
119,800		
119,833	3,685E-2	9,833E-4
119,867		
119,900		
119,933		
119,967		
120,000	3,685E-2	9,833E-4
120,033		
120,067		
120,100		
120,133		
120,167	3,685E-2	9,833E-4
120,200		
120,233		
120,267		
120,300		
120,333	3,685E-2	9,833E-4
120,367		
120,400		
120,433		
120,467		
120,500	3,737E-2	1,973E-3
120,533		
120,567		
120,600		
120,633		
120,667	3,737E-2	1,973E-3
120,700		
120,733		
120,767		
120,800		
120,833	3,737E-2	1,973E-3
120,867		
120,900		
120,933		
120,967		
121,000	3,725E-2	1,624E-3
121,033		
121,067		
121,100		
121,133		
121,167	3,725E-2	1,624E-3
121,200		
121,233		
121,267		
121,300		
121,333	3,721E-2	1,091E-3
121,367		
121,400		
121,433		
121,467		
121,500	3,721E-2	1,091E-3
121,533		
121,567		
121,600		
121,633		
121,667	3,721E-2	1,091E-3
121,700		
121,733		
121,767		
121,800		
121,833	3,721E-2	1,091E-3
121,867		
121,900		
121,933		
121,967		
122,000	3,721E-2	1,091E-3
122,033		
122,067		
122,100		
122,133		
122,167	3,721E-2	1,091E-3
122,200		
122,233		
122,267		
122,300		
122,333	3,721E-2	1,091E-3
122,367		
122,400		
122,433		
122,467		
122,500	3,721E-2	1,091E-3
122,533		
122,567		
122,600		
122,633		
122,667	3,721E-2	1,091E-3
122,700		
122,733		
122,767		
122,800		
122,833	3,721E-2	1,091E-3
122,867		
122,900		
122,933		
122,967		
123,000	3,721E-2	1,091E-3
123,033		
123,067		
123,100		
123,133		
123,167	3,721E-2	1,091E-3
123,200		
123,233		
123,267		
123,300		
123,333	3,721E-2	1,091E-3
123,367		
123,400		
123,433		
123,467		
123,500	3,721E-2	1,091E-3
123,533		
123,567		
123,600		
123,633		
123,667	3,721E-2	1,091E-3
123,700		
123,733		
123,767		
123,800		
123,833	3,721E-2	1,091E-3
123,867		
123,900		
123,933		
123,967		
124,000	3,721E-2	1,091E-3
124,033		
124,067		
124,100		
124,133		
124,167	3,721E-2	1,091E-3
124,200		
124,233		
124,267		
124,300		
124,333	3,729E-2	2,157E-3
124,367		
124,400		
124,433		
124,467		
124,500	3,728E-2	1,979E-3
124,533		
124,567		
124,600		
124,633		
124,667	3,728E-2	1,979E-3
124,700		
124,733		
124,767		
124,800		
124,833	3,728E-2	1,979E-3
124,867		
124,900		
124,933		
124,967		
125,000	3,728E-2	1,979E-3
125,033		
125,067		
125,100		
125,133		
125,167	3,728E-2	1,979E-3
125,200		
125,233		
125,267		
125,300		
125,333	3,728E-2	1,979E-3
125,367		
125,400		
125,433		
125,467		
125,500	3,728E-2	1,979E-3
125,533		
125,567		
125,600		
125,633		
125,667	3,728E-2	1,979E-3
125,700		
125,733		
125,767		
125,800		
125,833	3,728E-2	1,979E-3
125,867		
125,900		
125,933		
125,967		
126,000	3,728E-2	1,979E-3
126,033		
126,067		
126,100		
126,133		
126,167	3,723E-2	1,358E-3
126,200		
126,233		
126,267		
126,300		
126,333	3,723E-2	1,358E-3
126,367		
126,400		
126,433		
126,467		
126,500	3,723E-2	1,358E-3
