	masa A		
t	x	y	
0,000	4,072E-2	0,250
0,033		
0,067		
0,100	4,058E-2	0,249
0,133		
0,167		
0,200	4,055E-2	0,248
0,233		
0,267		
0,300	3,984E-2	0,248
0,333		
0,367		
0,400	3,983E-2	0,248
0,433		
0,467		
0,500	4,019E-2	0,247
0,533		
0,567		
0,600	4,015E-2	0,247
0,633		
0,667		
0,700	3,989E-2	0,246
0,733		
0,767		
0,800	3,987E-2	0,246
0,833		
0,867		
0,900	3,986E-2	0,246
0,933		
0,967		
1,000	4,011E-2	0,246
1,033		
1,067		
1,100	4,008E-2	0,245
1,133		
1,167		
1,200	4,008E-2	0,245
1,233		
1,267		
1,300	4,008E-2	0,245
1,333		
1,367		
1,400	4,006E-2	0,244
1,433		
1,467		
1,500	3,998E-2	0,244
1,533		
1,567		
1,600	3,998E-2	0,244
1,633		
1,667		
1,700	3,997E-2	0,243
1,733		
1,767		
1,800	3,980E-2	0,243
1,833		
1,867		
1,900	3,969E-2	0,243
1,933		
1,967		
2,000	3,969E-2	0,242
2,033		
2,067		
2,100	3,967E-2	0,242
2,133		
2,167		
2,200	3,966E-2	0,242
2,233		
2,267		
2,300	3,930E-2	0,241
2,333		
2,367		
2,400	3,928E-2	0,241
2,433		
2,467		
2,500	3,921E-2	0,240
2,533		
2,567		
2,600	3,925E-2	0,240
2,633		
2,667		
2,700	3,924E-2	0,240
2,733		
2,767		
2,800	3,917E-2	0,239
2,833		
2,867		
2,900	3,911E-2	0,239
2,933		
2,967		
3,000	3,909E-2	0,238
3,033		
3,067		
3,100	3,903E-2	0,238
3,133		
3,167		
3,200	3,897E-2	0,238
3,233		
3,267		
3,300	3,905E-2	0,237
3,333		
3,367		
3,400	3,903E-2	0,237
3,433		
3,467		
3,500	3,912E-2	0,236
3,533		
3,567		
3,600	3,910E-2	0,236
3,633		
3,667		
3,700	3,909E-2	0,236
3,733		
3,767		
3,800	3,906E-2	0,235
3,833		
3,867		
3,900	3,916E-2	0,235
3,933		
3,967		
4,000	3,915E-2	0,235
4,033		
4,067		
4,100	3,904E-2	0,234
4,133		
4,167		
4,200	3,903E-2	0,234
4,233		
4,267		
4,300	3,891E-2	0,234
4,333		
4,367		
4,400	3,890E-2	0,233
4,433		
4,467		
4,500	3,884E-2	0,233
4,533		
4,567		
4,600	3,883E-2	0,233
4,633		
4,667		
4,700	3,875E-2	0,232
4,733		
4,767		
4,800	3,874E-2	0,232
4,833		
4,867		
4,900	3,873E-2	0,231
4,933		
4,967		
5,000	3,871E-2	0,231
5,033		
5,067		
5,100	3,859E-2	0,230
5,133		
5,167		
5,200	3,858E-2	0,230
5,233		
5,267		
5,300	3,867E-2	0,230
5,333		
5,367		
5,400	3,866E-2	0,230
5,433		
5,467		
5,500	3,865E-2	0,229
5,533		
5,567		
5,600	3,864E-2	0,229
5,633		
5,667		
5,700	3,971E-2	0,228
5,733		
5,767		
5,800	3,860E-2	0,228
5,833		
5,867		
5,900	3,859E-2	0,227
5,933		
5,967		
6,000	3,857E-2	0,227
6,033		
6,067		
6,100	3,846E-2	0,227
6,133		
6,167		
6,200	3,840E-2	0,227
6,233		
6,267		
6,300	3,828E-2	0,226
6,333		
6,367		
6,400	3,827E-2	0,226
6,433		
6,467		
6,500	3,826E-2	0,225
6,533		
6,567		
6,600	3,824E-2	0,225
6,633		
6,667		
6,700	3,824E-2	0,225
6,733		
6,767		
6,800	3,847E-2	0,224
6,833		
6,867		
6,900	3,815E-2	0,224
6,933		
6,967		
7,000	3,809E-2	0,224
7,033		
7,067		
7,100	3,807E-2	0,223
7,133		
7,167		
7,200	3,807E-2	0,223
7,233		
7,267		
7,300	3,800E-2	0,222
7,333		
7,367		
7,400	3,800E-2	0,222
7,433		
7,467		
7,500	3,794E-2	0,222
7,533		
7,567		
7,600	3,792E-2	0,222
7,633		
7,667		
7,700	3,780E-2	0,221
7,733		
7,767		
7,800	3,779E-2	0,221
7,833		
7,867		
7,900	3,777E-2	0,220
7,933		
7,967		
8,000	3,771E-2	0,220
8,033		
8,067		
8,100	3,769E-2	0,220
8,133		
8,167		
8,200	3,762E-2	0,219
8,233		
8,267		
8,300	3,761E-2	0,219
8,333		
8,367		
8,400	3,760E-2	0,218
8,433		
8,467		
8,500	3,759E-2	0,218
8,533		
8,567		
8,600	3,759E-2	0,218
8,633		
8,667		
8,700	3,757E-2	0,217
8,733		
8,767		
8,800	3,755E-2	0,217
8,833		
8,867		
8,900	3,754E-2	0,217
8,933		
8,967		
9,000	3,753E-2	0,216
9,033		
9,067		
9,100	3,752E-2	0,216
9,133		
9,167		
9,200	3,760E-2	0,216
9,233		
9,267		
9,300	3,738E-2	0,215
9,333		
9,367		
9,400	3,732E-2	0,215
9,433		
9,467		
9,500	3,710E-2	0,214
9,533		
9,567		
9,600	3,709E-2	0,214
9,633		
9,667		
9,700	3,722E-2	0,214
9,733		
9,767		
9,800	3,721E-2	0,213
9,833		
9,867		
9,900	3,721E-2	0,213
9,933		
9,967		
10,000	3,720E-2	0,213
10,033		
10,067		
10,100	3,702E-2	0,212
10,133		
10,167		
10,200	3,681E-2	0,212
10,233		
10,267		
10,300	3,679E-2	0,211
10,333		
10,367		
10,400	3,678E-2	0,211
10,433		
10,467		
10,500	3,677E-2	0,211
10,533		
10,567		
10,600	3,675E-2	0,210
10,633		
10,667		
10,700	3,675E-2	0,210
10,733		
10,767		
10,800	3,674E-2	0,210
10,833		
10,867		
10,900	3,673E-2	0,210
10,933		
10,967		
11,000	3,672E-2	0,210
11,033		
11,067		
11,100	3,671E-2	0,209
11,133		
11,167		
11,200	3,669E-2	0,209
11,233		
11,267		
11,300	3,667E-2	0,208
11,333		
11,367		
11,400	3,681E-2	0,208
11,433		
11,467		
11,500	3,659E-2	0,207
11,533		
11,567		
11,600	3,658E-2	0,207
11,633		
11,667		
11,700	3,657E-2	0,207
11,733		
11,767		
11,800	3,656E-2	0,207
11,833		
11,867		
11,900	3,655E-2	0,206
11,933		
11,967		
12,000	3,654E-2	0,206
12,033		
12,067		
12,100	3,653E-2	0,206
12,133		
12,167		
12,200	3,652E-2	0,205
12,233		
12,267		
12,300	3,650E-2	0,205
12,333		
12,367		
12,400	3,649E-2	0,205
12,433		
12,467		
12,500	3,651E-2	0,204
12,533		
12,567		
12,600	3,651E-2	0,204
12,633		
12,667		
12,700	3,654E-2	0,203
12,733		
12,767		
12,800	3,637E-2	0,203
12,833		
12,867		
12,900	3,636E-2	0,202
12,933		
12,967		
13,000	3,635E-2	0,202
13,033		
13,067		
13,100	3,627E-2	0,201
13,133		
13,167		
13,200	3,621E-2	0,201
13,233		
13,267		
13,300	3,620E-2	0,201
13,333		
13,367		
13,400	3,629E-2	0,200
13,433		
13,467		
13,500	3,628E-2	0,200
13,533		
13,567		
13,600	3,621E-2	0,200
13,633		
13,667		
13,700	3,620E-2	0,199
13,733		
13,767		
13,800	3,620E-2	0,199
13,833		
13,867		
13,900	3,618E-2	0,199
13,933		
13,967		
14,000	3,617E-2	0,199
14,033		
14,067		
14,100	3,616E-2	0,198
14,133		
14,167		
14,200	3,615E-2	0,198
14,233		
14,267		
14,300	3,609E-2	0,198
14,333		
14,367		
14,400	3,608E-2	0,198
14,433		
14,467		
14,500	3,606E-2	0,197
14,533		
14,567		
14,600	3,595E-2	0,197
14,633		
14,667		
14,700	3,593E-2	0,196
14,733		
14,767		
14,800	3,592E-2	0,196
14,833		
14,867		
14,900	3,586E-2	0,196
14,933		
14,967		
15,000	3,586E-2	0,196
15,033		
15,067		
15,100	3,584E-2	0,195
15,133		
15,167		
15,200	3,577E-2	0,195
15,233		
15,267		
15,300	3,577E-2	0,194
15,333		
15,367		
15,400	3,575E-2	0,194
15,433		
15,467		
15,500	3,578E-2	0,193
15,533		
15,567		
15,600	3,576E-2	0,193
15,633		
15,667		
15,700	3,575E-2	0,193
15,733		
15,767		
15,800	3,575E-2	0,193
15,833		
15,867		
15,900	3,574E-2	0,192
15,933		
15,967		
16,000	3,569E-2	0,192
16,033		
16,067		
16,100	3,566E-2	0,192
16,133		
16,167		
16,200	3,565E-2	0,191
16,233		
16,267		
16,300	3,563E-2	0,191
16,333		
16,367		
16,400	3,563E-2	0,191
16,433		
16,467		
16,500	3,561E-2	0,190
16,533		
16,567		
16,600	3,559E-2	0,190
16,633		
16,667		
16,700	3,553E-2	0,189
16,733		
16,767		
16,800	3,551E-2	0,189
16,833		
16,867		
16,900	3,550E-2	0,188
16,933		
16,967		
17,000	3,548E-2	0,188
17,033		
17,067		
17,100	3,547E-2	0,188
17,133		
17,167		
17,200	3,546E-2	0,187
17,233		
17,267		
17,300	3,539E-2	0,187
17,333		
17,367		
17,400	3,539E-2	0,187
17,433		
17,467		
17,500	3,532E-2	0,186
17,533		
17,567		
17,600	3,532E-2	0,186
17,633		
17,667		
17,700	3,530E-2	0,186
17,733		
17,767		
17,800	3,524E-2	0,185
17,833		
17,867		
17,900	3,522E-2	0,185
17,933		
17,967		
18,000	3,522E-2	0,185
18,033		
18,067		
18,100	3,520E-2	0,185
18,133		
18,167		
18,200	3,520E-2	0,184
18,233		
18,267		
18,300	3,519E-2	0,184
18,333		
18,367		
18,400	3,518E-2	0,184
18,433		
18,467		
18,500	3,516E-2	0,183
18,533		
18,567		
18,600	3,514E-2	0,183
18,633		
18,667		
18,700	3,512E-2	0,182
18,733		
18,767		
18,800	3,511E-2	0,182
18,833		
18,867		
18,900	3,511E-2	0,182
18,933		
18,967		
19,000	3,509E-2	0,182
19,033		
19,067		
19,100	3,508E-2	0,181
19,133		
19,167		
19,200	3,507E-2	0,181
19,233		
19,267		
19,300	3,501E-2	0,181
19,333		
19,367		
19,400	3,499E-2	0,180
19,433		
19,467		
19,500	3,493E-2	0,180
19,533		
19,567		
19,600	3,492E-2	0,180
19,633		
19,667		
19,700	3,492E-2	0,179
19,733		
19,767		
19,800	3,480E-2	0,179
19,833		
19,867		
19,900	3,479E-2	0,179
19,933		
19,967		
20,000	3,481E-2	0,178
20,033		
20,067		
20,100	3,480E-2	0,178
20,133		
20,167		
20,200	3,479E-2	0,177
20,233		
20,267		
20,300	3,478E-2	0,177
20,333		
20,367		
20,400	3,477E-2	0,177
20,433		
20,467		
20,500	3,476E-2	0,177
20,533		
20,567		
20,600	3,475E-2	0,176
20,633		
20,667		
20,700	3,473E-2	0,176
20,733		
20,767		
20,800	3,466E-2	0,175
20,833		
20,867		
20,900	3,465E-2	0,175
20,933		
20,967		
21,000	3,463E-2	0,174
21,033		
21,067		
21,100	3,462E-2	0,174
21,133		
21,167		
21,200	3,461E-2	0,174
21,233		
21,267		
21,300	3,460E-2	0,174
21,333		
21,367		
21,400	3,460E-2	0,174
21,433		
21,467		
21,500	3,459E-2	0,173
21,533		
21,567		
21,600	3,451E-2	0,172
21,633		
21,667		
21,700	3,450E-2	0,172
21,733		
21,767		
21,800	3,448E-2	0,172
21,833		
21,867		
21,900	3,447E-2	0,171
21,933		
21,967		
22,000	3,461E-2	0,171
22,033		
22,067		
22,100	3,461E-2	0,171
22,133		
22,167		
22,200	3,449E-2	0,171
22,233		
22,267		
22,300	3,447E-2	0,170
22,333		
22,367		
22,400	3,447E-2	0,170
22,433		
22,467		
22,500	3,447E-2	0,170
22,533		
22,567		
22,600	3,445E-2	0,169
22,633		
22,667		
22,700	3,443E-2	0,169
22,733		
22,767		
22,800	3,443E-2	0,169
22,833		
22,867		
22,900	3,436E-2	0,169
22,933		
22,967		
23,000	3,425E-2	0,168
23,033		
23,067		
23,100	3,418E-2	0,168
23,133		
23,167		
23,200	3,418E-2	0,168
23,233		
23,267		
23,300	3,416E-2	0,167
23,333		
23,367		
23,400	3,411E-2	0,167
23,433		
23,467		
23,500	3,410E-2	0,167
23,533		
23,567		
23,600	3,397E-2	0,166
23,633		
23,667		
23,700	3,392E-2	0,166
23,733		
23,767		
23,800	3,391E-2	0,166
23,833		
23,867		
23,900	3,380E-2	0,165
23,933		
23,967		
24,000	3,379E-2	0,165
24,033		
24,067		
24,100	3,378E-2	0,165
24,133		
24,167		
24,200	3,376E-2	0,164
24,233		
24,267		
24,300	3,375E-2	0,164
24,333		
24,367		
24,400	3,374E-2	0,164
24,433		
24,467		
24,500	3,373E-2	0,164
24,533		
24,567		
24,600	3,372E-2	0,163
24,633		
24,667		
24,700	3,377E-2	0,163
24,733		
24,767		
24,800	3,381E-2	0,163
24,833		
24,867		
24,900	3,379E-2	0,163
24,933		
24,967		
25,000	3,377E-2	0,162
25,033		
25,067		
25,100	3,376E-2	0,162
25,133		
25,167		
25,200	3,369E-2	0,161
25,233		
25,267		
25,300	3,368E-2	0,161
25,333		
25,367		
25,400	3,368E-2	0,161
25,433		
25,467		
25,500	3,366E-2	0,160
25,533		
25,567		
25,600	3,365E-2	0,160
25,633		
25,667		
25,700	3,347E-2	0,159
25,733		
25,767		
25,800	3,347E-2	0,159
25,833		
25,867		
25,900	3,351E-2	0,159
25,933		
25,967		
26,000	3,344E-2	0,158
26,033		
26,067		
26,100	3,343E-2	0,158
26,133		
26,167		
26,200	3,341E-2	0,158
26,233		
26,267		
26,300	3,340E-2	0,157
26,333		
26,367		
26,400	3,340E-2	0,157
26,433		
26,467		
26,500	3,339E-2	0,157
26,533		
26,567		
26,600	3,338E-2	0,157
26,633		
26,667		
26,700	3,336E-2	0,156
26,733		
26,767		
26,800	3,335E-2	0,156
26,833		
26,867		
26,900	3,333E-2	0,155
26,933		
26,967		
27,000	3,333E-2	0,155
27,033		
27,067		
27,100	3,332E-2	0,155
27,133		
27,167		
27,200	3,331E-2	0,155
27,233		
27,267		
27,300	3,333E-2	0,154
27,333		
27,367		
27,400	3,332E-2	0,154
27,433		
27,467		
27,500	3,332E-2	0,154
27,533		
27,567		
27,600	3,330E-2	0,153
27,633		
27,667		
27,700	3,324E-2	0,153
27,733		
27,767		
27,800	3,324E-2	0,153
27,833		
27,867		
27,900	3,322E-2	0,153
27,933		
27,967		
28,000	3,321E-2	0,152
28,033		
28,067		
28,100	3,321E-2	0,152
28,133		
28,167		
28,200	3,320E-2	0,152
28,233		
28,267		
28,300	3,319E-2	0,152
28,333		
28,367		
28,400	3,318E-2	0,151
28,433		
28,467		
28,500	3,316E-2	0,151
28,533		
28,567		
28,600	3,336E-2	0,151
28,633		
28,667		
28,700	3,335E-2	0,150
28,733		
28,767		
28,800	3,333E-2	0,150
28,833		
28,867		
28,900	3,332E-2	0,150
28,933		
28,967		
29,000	3,340E-2	0,149
29,033		
29,067		
29,100	3,339E-2	0,149
29,133		
29,167		
29,200	3,338E-2	0,149
29,233		
29,267		
29,300	3,342E-2	0,148
29,333		
29,367		
29,400	3,342E-2	0,148
29,433		
29,467		
29,500	3,340E-2	0,148
29,533		
29,567		
29,600	3,344E-2	0,147
29,633		
29,667		
29,700	3,343E-2	0,147
29,733		
29,767		
29,800	3,343E-2	0,147
29,833		
29,867		
29,900	3,362E-2	0,147
29,933		
29,967		
30,000	3,360E-2	0,146
30,033		
30,067		
30,100	3,364E-2	0,146
30,133		
30,167		
30,200	3,372E-2	0,146
30,233		
30,267		
30,300	3,381E-2	0,145
30,333		
30,367		
30,400	3,381E-2	0,145
30,433		
30,467		
30,500	3,380E-2	0,145
30,533		
30,567		
30,600	3,379E-2	0,145
30,633		
30,667		
30,700	3,378E-2	0,144
30,733		
30,767		
30,800	3,376E-2	0,144
30,833		
30,867		
30,900	3,379E-2	0,143
30,933		
30,967		
31,000	3,379E-2	0,143
31,033		
31,067		
31,100	3,378E-2	0,143
31,133		
31,167		
31,200	3,377E-2	0,143
31,233		
31,267		
31,300	3,376E-2	0,143
31,333		
31,367		
31,400	3,376E-2	0,142
31,433		
31,467		
31,500	3,375E-2	0,142
31,533		
31,567		
31,600	3,373E-2	0,142
31,633		
31,667		
31,700	3,372E-2	0,142
31,733		
31,767		
31,800	3,376E-2	0,141
31,833		
31,867		
31,900	3,375E-2	0,141
31,933		
31,967		
32,000	3,373E-2	0,140
32,033		
32,067		
32,100	3,367E-2	0,140
32,133		
32,167		
32,200	3,366E-2	0,140
32,233		
32,267		
32,300	3,364E-2	0,139
32,333		
32,367		
32,400	3,364E-2	0,139
32,433		
32,467		
32,500	3,363E-2	0,139
32,533		
32,567		
32,600	3,357E-2	0,139
32,633		
32,667		
32,700	3,355E-2	0,138
32,733		
32,767		
32,800	3,354E-2	0,138
32,833		
32,867		
32,900	3,344E-2	0,138
32,933		
32,967		
33,000	3,348E-2	0,138
33,033		
33,067		
33,100	3,347E-2	0,137
33,133		
33,167		
33,200	3,345E-2	0,137
33,233		
33,267		
33,300	3,345E-2	0,137
33,333		
33,367		
33,400	3,343E-2	0,136
33,433		
33,467		
33,500	3,342E-2	0,136
33,533		
33,567		
33,600	3,342E-2	0,136
33,633		
33,667		
33,700	3,331E-2	0,136
33,733		
33,767		
33,800	3,330E-2	0,135
33,833		
33,867		
33,900	3,329E-2	0,135
33,933		
33,967		
34,000	3,317E-2	0,135
34,033		
34,067		
34,100	3,317E-2	0,135
34,133		
34,167		
34,200	3,316E-2	0,134
34,233		
34,267		
34,300	3,315E-2	0,134
34,333		
34,367		
34,400	3,311E-2	0,133
34,433		
34,467		
34,500	3,311E-2	0,133
34,533		
34,567		
34,600	3,315E-2	0,133
34,633		
34,667		
34,700	3,324E-2	0,132
34,733		
34,767		
34,800	3,324E-2	0,132
34,833		
34,867		
34,900	3,322E-2	0,132
34,933		
34,967		
35,000	3,321E-2	0,132
35,033		
35,067		
35,100	3,319E-2	0,131
35,133		
35,167		
35,200	3,322E-2	0,130
35,233		
35,267		
35,300	3,306E-2	0,130
35,333		
35,367		
35,400	3,306E-2	0,130
35,433		
35,467		
35,500	3,305E-2	0,130
35,533		
35,567		
35,600	3,305E-2	0,130
35,633		
35,667		
35,700	3,303E-2	0,129
35,733		
35,767		
35,800	3,302E-2	0,129
35,833		
35,867		
35,900	3,296E-2	0,129
35,933		
35,967		
36,000	3,295E-2	0,129
36,033		
36,067		
36,100	3,294E-2	0,128
36,133		
36,167		
36,200	3,292E-2	0,128
36,233		
36,267		
36,300	3,292E-2	0,128
36,333		
36,367		
36,400	3,296E-2	0,127
36,433		
36,467		
36,500	3,295E-2	0,127
36,533		
36,567		
36,600	3,294E-2	0,127
36,633		
36,667		
36,700	3,293E-2	0,127
36,733		
36,767		
36,800	3,293E-2	0,127
36,833		
36,867		
36,900	3,304E-2	0,126
36,933		
36,967		
37,000	3,303E-2	0,126
37,033		
37,067		
37,100	3,294E-2	0,126
37,133		
37,167		
37,200	3,288E-2	0,125
37,233		
37,267		
37,300	3,285E-2	0,125
37,333		
37,367		
37,400	3,284E-2	0,125
37,433		
37,467		
37,500	3,282E-2	0,124
37,533		
37,567		
37,600	3,276E-2	0,124
37,633		
37,667		
37,700	3,272E-2	0,124
37,733		
37,767		
37,800	3,271E-2	0,123
37,833		
37,867		
37,900	3,271E-2	0,123
37,933		
37,967		
38,000	3,269E-2	0,123
38,033		
38,067		
38,100	3,268E-2	0,123
38,133		
38,167		
38,200	3,272E-2	0,122
38,233		
38,267		
38,300	3,286E-2	0,122
38,333		
38,367		
38,400	3,280E-2	0,122
38,433		
38,467		
38,500	3,269E-2	0,121
38,533		
38,567		
38,600	3,262E-2	0,121
38,633		
38,667		
38,700	3,256E-2	0,121
38,733		
38,767		
38,800	3,260E-2	0,120
38,833		
38,867		
38,900	3,389E-2	0,120
38,933		
38,967		
39,000	3,388E-2	0,120
39,033		
39,067		
39,100	3,388E-2	0,120
39,133		
39,167		
39,200	3,387E-2	0,119
39,233		
39,267		
39,300	3,386E-2	0,119
39,333		
39,367		
39,400	3,385E-2	0,119
39,433		
39,467		
39,500	3,387E-2	0,119
39,533		
39,567		
39,600	3,386E-2	0,119
39,633		
39,667		
39,700	3,386E-2	0,119
39,733		
39,767		
39,800	3,392E-2	0,118
39,833		
39,867		
39,900	3,391E-2	0,118
39,933		
39,967		
40,000	3,390E-2	0,118
40,033		
40,067		
40,100	3,389E-2	0,117
40,133		
40,167		
40,200	3,389E-2	0,117
40,233		
40,267		
40,300	3,388E-2	0,117
40,333		
40,367		
40,400	3,384E-2	0,117
40,433		
40,467		
40,500	3,378E-2	0,116
40,533		
40,567		
40,600	3,377E-2	0,116
40,633		
40,667		
40,700	3,375E-2	0,116
40,733		
40,767		
40,800	3,371E-2	0,115
40,833		
40,867		
40,900	3,371E-2	0,115
40,933		
40,967		
41,000	3,369E-2	0,115
41,033		
41,067		
41,100	3,368E-2	0,114
41,133		
41,167		
41,200	3,367E-2	0,114
41,233		
41,267		
41,300	3,372E-2	0,114
41,333		
41,367		
41,400	3,371E-2	0,114
41,433		
41,467		
41,500	3,370E-2	0,114
41,533		
41,567		
41,600	3,369E-2	0,113
41,633		
41,667		
41,700	3,368E-2	0,113
41,733		
41,767		
41,800	3,367E-2	0,113
41,833		
41,867		
41,900	3,371E-2	0,112
41,933		
41,967		
42,000	3,370E-2	0,112
42,033		
42,067		
42,100	3,374E-2	0,112
42,133		
42,167		
42,200	3,373E-2	0,112
42,233		
42,267		
42,300	3,371E-2	0,111
42,333		
42,367		
42,400	3,370E-2	0,111
42,433		
42,467		
42,500	3,374E-2	0,111
42,533		
42,567		
42,600	3,373E-2	0,110
42,633		
42,667		
42,700	3,375E-2	0,110
42,733		
42,767		
42,800	3,374E-2	0,110
42,833		
42,867		
42,900	3,373E-2	0,110
42,933		
42,967		
43,000	3,369E-2	0,109
43,033		
43,067		
43,100	3,368E-2	0,109
43,133		
43,167		
43,200	3,368E-2	0,109
43,233		
43,267		
43,300	3,367E-2	0,109
43,333		
43,367		
43,400	3,366E-2	0,108
43,433		
43,467		
43,500	3,365E-2	0,108
43,533		
43,567		
43,600	3,364E-2	0,108
43,633		
43,667		
43,700	3,383E-2	0,107
43,733		
43,767		
43,800	3,382E-2	0,107
43,833		
43,867		
43,900	3,382E-2	0,107
43,933		
43,967		
44,000	3,381E-2	0,107
44,033		
44,067		
44,100	3,379E-2	0,106
44,133		
44,167		
44,200	3,379E-2	0,106
44,233		
44,267		
44,300	3,379E-2	0,106
44,333		
44,367		
44,400	3,378E-2	0,106
44,433		
44,467		
44,500	3,377E-2	0,106
44,533		
44,567		
44,600	3,376E-2	0,106
44,633		
44,667		
44,700	3,380E-2	0,105
44,733		
44,767		
44,800	3,381E-2	0,105
44,833		
44,867		
44,900	3,383E-2	0,105
44,933		
44,967		
45,000	3,382E-2	0,104
45,033		
45,067		
45,100	3,381E-2	0,104
45,133		
45,167		
45,200	3,380E-2	0,104
45,233		
45,267		
45,300	3,379E-2	0,104
45,333		
45,367		
45,400	3,384E-2	0,103
45,433		
45,467		
45,500	3,383E-2	0,103
45,533		
45,567		
45,600	3,389E-2	0,103
45,633		
45,667		
45,700	3,394E-2	0,103
45,733		
45,767		
45,800	3,395E-2	0,103
45,833		
45,867		
45,900	3,395E-2	0,102
45,933		
45,967		
46,000	3,399E-2	0,102
46,033		
46,067		
46,100	3,403E-2	0,102
46,133		
46,167		
46,200	3,402E-2	0,102
46,233		
46,267		
46,300	3,401E-2	0,101
46,333		
46,367		
46,400	3,400E-2	0,101
46,433		
46,467		
46,500	3,399E-2	0,101
46,533		
46,567		
46,600	3,398E-2	0,101
46,633		
46,667		
46,700	3,400E-2	0,100
46,733		
46,767		
46,800	3,406E-2	9,992E-2
46,833		
46,867		
46,900	3,405E-2	9,964E-2
46,933		
46,967		
47,000	3,411E-2	9,929E-2
47,033		
47,067		
47,100	3,409E-2	9,891E-2
47,133		
47,167		
47,200	3,409E-2	9,886E-2
47,233		
47,267		
47,300	3,409E-2	9,878E-2
47,333		
47,367		
47,400	3,408E-2	9,856E-2
47,433		
47,467		
47,500	3,407E-2	9,828E-2
47,533		
47,567		
47,600	3,406E-2	9,798E-2
47,633		
47,667		
47,700	3,412E-2	9,748E-2
47,733		
47,767		
47,800	3,420E-2	9,707E-2
47,833		
47,867		
47,900	3,419E-2	9,672E-2
47,933		
47,967		
48,000	3,420E-2	9,642E-2
48,033		
48,067		
48,100	3,424E-2	9,609E-2
48,133		
48,167		
48,200	3,423E-2	9,587E-2
48,233		
48,267		
48,300	3,420E-2	9,564E-2
48,333		
48,367		
48,400	3,419E-2	9,544E-2
48,433		
48,467		
48,500	3,422E-2	9,489E-2
48,533		
48,567		
48,600	3,432E-2	9,478E-2
48,633		
48,667		
48,700	3,432E-2	9,471E-2
48,733		
48,767		
48,800	3,431E-2	9,456E-2
48,833		
48,867		
48,900	3,431E-2	9,441E-2
48,933		
48,967		
49,000	3,430E-2	9,411E-2
49,033		
49,067		
49,100	3,429E-2	9,390E-2
49,133		
49,167		
49,200	3,428E-2	9,375E-2
49,233		
49,267		
49,300	3,430E-2	9,353E-2
49,333		
49,367		
49,400	3,429E-2	9,325E-2
49,433		
49,467		
49,500	3,428E-2	9,305E-2
49,533		
49,567		
49,600	3,427E-2	9,267E-2
49,633		
49,667		
49,700	3,426E-2	9,242E-2
49,733		
49,767		
49,800	3,425E-2	9,227E-2
49,833		
49,867		
49,900	3,425E-2	9,217E-2
49,933		
49,967		
50,000	3,425E-2	9,212E-2
50,033		
50,067		
50,100	3,424E-2	9,195E-2
50,133		
50,167		
50,200	3,423E-2	9,157E-2
50,233		
50,267		
50,300	3,421E-2	9,114E-2
50,333		
50,367		
50,400	3,425E-2	9,072E-2
50,433		
50,467		
50,500	3,426E-2	9,049E-2
50,533		
50,567		
50,600	3,425E-2	9,014E-2
50,633		
50,667		
50,700	3,429E-2	8,984E-2
50,733		
50,767		
50,800	3,428E-2	8,951E-2
50,833		
50,867		
50,900	3,431E-2	8,916E-2
50,933		
50,967		
51,000	3,433E-2	8,891E-2
51,033		
51,067		
51,100	3,435E-2	8,863E-2
51,133		
51,167		
51,200	3,437E-2	8,855E-2
51,233		
51,267		
51,300	3,434E-2	8,845E-2
51,333		
51,367		
51,400	3,426E-2	8,823E-2
51,433		
51,467		
51,500	3,427E-2	8,805E-2
51,533		
51,567		
51,600	3,427E-2	8,788E-2
51,633		
51,667		
51,700	3,426E-2	8,765E-2
51,733		
51,767		
51,800	3,413E-2	8,761E-2
51,833		
51,867		
51,900	3,413E-2	8,758E-2
51,933		
51,967		
52,000	3,412E-2	8,736E-2
52,033		
52,067		
52,100	3,411E-2	8,705E-2
52,133		
52,167		
52,200	3,410E-2	8,675E-2
52,233		
52,267		
52,300	3,421E-2	8,632E-2
52,333		
52,367		
52,400	3,419E-2	8,587E-2
52,433		
52,467		
52,500	3,418E-2	8,544E-2
52,533		
52,567		
52,600	3,414E-2	8,507E-2
52,633		
52,667		
52,700	3,413E-2	8,487E-2
52,733		
52,767		
52,800	3,412E-2	8,464E-2
52,833		
52,867		
52,900	3,411E-2	8,432E-2
52,933		
52,967		
53,000	3,411E-2	8,414E-2
53,033		
53,067		
53,100	3,414E-2	8,381E-2
53,133		
53,167		
53,200	3,414E-2	8,364E-2
53,233		
53,267		
53,300	3,416E-2	8,346E-2
53,333		
53,367		
53,400	3,415E-2	8,331E-2
53,433		
53,467		
53,500	3,419E-2	8,308E-2
53,533		
53,567		
53,600	3,423E-2	8,281E-2
53,633		
53,667		
53,700	3,425E-2	8,250E-2
53,733		
53,767		
53,800	3,427E-2	8,245E-2
53,833		
53,867		
53,900	3,431E-2	8,220E-2
53,933		
53,967		
54,000	3,430E-2	8,200E-2
54,033		
54,067		
54,100	3,429E-2	8,175E-2
54,133		
54,167		
54,200	3,431E-2	8,152E-2
54,233		
54,267		
54,300	3,430E-2	8,130E-2
54,333		
54,367		
54,400	3,429E-2	8,105E-2
54,433		
54,467		
54,500	3,429E-2	8,089E-2
54,533		
54,567		
54,600	3,428E-2	8,059E-2
54,633		
54,667		
54,700	3,429E-2	8,024E-2
54,733		
54,767		
54,800	3,433E-2	8,001E-2
54,833		
54,867		
54,900	3,433E-2	7,994E-2
54,933		
54,967		
55,000	3,432E-2	7,979E-2
55,033		
55,067		
55,100	3,436E-2	7,941E-2
55,133		
55,167		
55,200	3,435E-2	7,926E-2
55,233		
55,267		
55,300	3,436E-2	7,878E-2
55,333		
55,367		
55,400	3,435E-2	7,841E-2
55,433		
55,467		
55,500	3,435E-2	7,838E-2
55,533		
55,567		
55,600	3,434E-2	7,831E-2
55,633		
55,667		
55,700	3,434E-2	7,823E-2
55,733		
55,767		
55,800	3,438E-2	7,780E-2
55,833		
55,867		
55,900	3,437E-2	7,755E-2
55,933		
55,967		
56,000	3,443E-2	7,732E-2
56,033		
56,067		
56,100	3,442E-2	7,697E-2
56,133		
56,167		
56,200	3,463E-2	7,666E-2
56,233		
56,267		
56,300	3,458E-2	7,651E-2
56,333		
56,367		
56,400	3,457E-2	7,626E-2
56,433		
56,467		
56,500	3,456E-2	7,606E-2
56,533		
56,567		
56,600	3,455E-2	7,584E-2
56,633		
56,667		
56,700	3,455E-2	7,569E-2
56,733		
56,767		
56,800	3,454E-2	7,546E-2
56,833		
56,867		
56,900	3,453E-2	7,518E-2
56,933		
56,967		
57,000	3,452E-2	7,491E-2
57,033		
57,067		
57,100	3,446E-2	7,476E-2
57,133		
57,167		
57,200	3,448E-2	7,456E-2
57,233		
57,267		
57,300	3,447E-2	7,423E-2
57,333		
57,367		
57,400	3,451E-2	7,405E-2
57,433		
57,467		
57,500	3,451E-2	7,388E-2
57,533		
57,567		
57,600	3,450E-2	7,380E-2
57,633		
57,667		
57,700	3,450E-2	7,370E-2
57,733		
57,767		
57,800	3,450E-2	7,355E-2
57,833		
57,867		
57,900	3,451E-2	7,323E-2
57,933		
57,967		
58,000	3,455E-2	7,297E-2
58,033		
58,067		
58,100	3,454E-2	7,262E-2
58,133		
58,167		
58,200	3,453E-2	7,247E-2
58,233		
58,267		
58,300	3,457E-2	7,217E-2
58,333		
58,367		
58,400	3,459E-2	7,199E-2
58,433		
58,467		
58,500	3,456E-2	7,177E-2
58,533		
58,567		
58,600	3,455E-2	7,174E-2
58,633		
58,667		
58,700	3,455E-2	7,154E-2
58,733		
58,767		
58,800	3,453E-2	7,107E-2
58,833		
58,867		
58,900	3,450E-2	7,084E-2
58,933		
58,967		
59,000	3,449E-2	7,077E-2
59,033		
59,067		
59,100	3,449E-2	7,062E-2
59,133		
59,167		
59,200	3,445E-2	7,019E-2
59,233		
59,267		
59,300	3,444E-2	6,994E-2
59,333		
59,367		
59,400	3,443E-2	6,981E-2
59,433		
59,467		
59,500	3,441E-2	6,974E-2
59,533		
59,567		
59,600	3,440E-2	6,951E-2
59,633		
59,667		
59,700	3,439E-2	6,926E-2
59,733		
59,767		
59,800	3,439E-2	6,919E-2
59,833		
59,867		
59,900	3,438E-2	6,901E-2
59,933		
59,967		
60,000	3,437E-2	6,881E-2
60,033		
60,067		
60,100	3,439E-2	6,863E-2
60,133		
60,167		
60,200	3,438E-2	6,843E-2
60,233		
60,267		
60,300	3,438E-2	6,823E-2
60,333		
60,367		
60,400	3,437E-2	6,796E-2
60,433		
60,467		
60,500	3,436E-2	6,776E-2
60,533		
60,567		
60,600	3,435E-2	6,758E-2
60,633		
60,667		
60,700	3,427E-2	6,728E-2
60,733		
60,767		
60,800	3,426E-2	6,718E-2
60,833		
60,867		
60,900	3,425E-2	6,693E-2
60,933		
60,967		
61,000	3,424E-2	6,661E-2
61,033		
61,067		
61,100	3,423E-2	6,623E-2
61,133		
61,167		
61,200	3,419E-2	6,598E-2
61,233		
61,267		
61,300	3,418E-2	6,573E-2
61,333		
61,367		
61,400	3,407E-2	6,541E-2
61,433		
61,467		
61,500	3,406E-2	6,523E-2
61,533		
61,567		
61,600	3,406E-2	6,513E-2
61,633		
61,667		
61,700	3,405E-2	6,490E-2
61,733		
61,767		
61,800	3,407E-2	6,470E-2
61,833		
61,867		
61,900	3,407E-2	6,460E-2
61,933		
61,967		
62,000	3,406E-2	6,450E-2
62,033		
62,067		
62,100	3,405E-2	6,423E-2
62,133		
62,167		
62,200	3,404E-2	6,400E-2
62,233		
62,267		
62,300	3,404E-2	6,383E-2
62,333		
62,367		
62,400	3,403E-2	6,372E-2
62,433		
62,467		
62,500	3,402E-2	6,337E-2
62,533		
62,567		
62,600	3,406E-2	6,312E-2
62,633		
62,667		
62,700	3,406E-2	6,310E-2
62,733		
62,767		
62,800	3,406E-2	6,302E-2
62,833		
62,867		
62,900	3,402E-2	6,267E-2
62,933		
62,967		
63,000	3,402E-2	6,252E-2
63,033		
63,067		
63,100	3,401E-2	6,242E-2
63,133		
63,167		
63,200	3,400E-2	6,217E-2
63,233		
63,267		
63,300	3,400E-2	6,212E-2
63,333		
63,367		
63,400	3,397E-2	6,184E-2
63,433		
63,467		
63,500	3,391E-2	6,162E-2
63,533		
63,567		
63,600	3,390E-2	6,144E-2
63,633		
63,667		
63,700	3,389E-2	6,124E-2
63,733		
63,767		
63,800	3,391E-2	6,109E-2
63,833		
63,867		
63,900	3,393E-2	6,089E-2
63,933		
63,967		
64,000	3,392E-2	6,072E-2
64,033		
64,067		
64,100	3,392E-2	6,051E-2
64,133		
64,167		
64,200	3,391E-2	6,024E-2
64,233		
64,267		
64,300	3,391E-2	6,021E-2
64,333		
64,367		
64,400	3,390E-2	6,016E-2
64,433		
64,467		
64,500	3,382E-2	5,992E-2
64,533		
64,567		
64,600	3,381E-2	5,956E-2
64,633		
64,667		
64,700	3,379E-2	5,921E-2
64,733		
64,767		
64,800	3,378E-2	5,879E-2
64,833		
64,867		
64,900	3,367E-2	5,851E-2
64,933		
64,967		
65,000	3,365E-2	5,816E-2
65,033		
65,067		
65,100	3,365E-2	5,796E-2
65,133		
65,167		
65,200	3,364E-2	5,784E-2
65,233		
65,267		
65,300	3,371E-2	5,756E-2
65,333		
65,367		
65,400	3,370E-2	5,733E-2
65,433		
65,467		
65,500	3,371E-2	5,703E-2
65,533		
65,567		
65,600	3,371E-2	5,688E-2
65,633		
65,667		
65,700	3,372E-2	5,665E-2
65,733		
65,767		
65,800	3,372E-2	5,663E-2
65,833		
65,867		
65,900	3,372E-2	5,645E-2
65,933		
65,967		
66,000	3,367E-2	5,640E-2
66,033		
66,067		
66,100	3,366E-2	5,625E-2
66,133		
66,167		
66,200	3,365E-2	5,600E-2
66,233		
66,267		
66,300	3,359E-2	5,580E-2
66,333		
66,367		
66,400	3,359E-2	5,565E-2
66,433		
66,467		
66,500	3,358E-2	5,543E-2
66,533		
66,567		
66,600	3,357E-2	5,518E-2
66,633		
66,667		
66,700	3,357E-2	5,515E-2
66,733		
66,767		
66,800	3,357E-2	5,505E-2
66,833		
66,867		
66,900	3,356E-2	5,488E-2
66,933		
66,967		
67,000	3,355E-2	5,473E-2
67,033		
67,067		
67,100	3,355E-2	5,473E-2
67,133		
67,167		
67,200	3,355E-2	5,453E-2
67,233		
67,267		
67,300	3,356E-2	5,422E-2
67,333		
67,367		
67,400	3,360E-2	5,395E-2
67,433		
67,467		
67,500	3,360E-2	5,385E-2
67,533		
67,567		
67,600	3,359E-2	5,370E-2
67,633		
67,667		
67,700	3,358E-2	5,347E-2
67,733		
67,767		
67,800	3,357E-2	5,317E-2
67,833		
67,867		
67,900	3,359E-2	5,289E-2
67,933		
67,967		
68,000	3,358E-2	5,264E-2
68,033		
68,067		
68,100	3,357E-2	5,241E-2
68,133		
68,167		
68,200	3,356E-2	5,216E-2
68,233		
68,267		
68,300	3,355E-2	5,196E-2
68,333		
68,367		
68,400	3,354E-2	5,174E-2
68,433		
68,467		
68,500	3,354E-2	5,161E-2
68,533		
68,567		
68,600	3,354E-2	5,149E-2
68,633		
68,667		
68,700	3,353E-2	5,131E-2
68,733		
68,767		
68,800	3,352E-2	5,114E-2
68,833		
68,867		
68,900	3,352E-2	5,096E-2
68,933		
68,967		
69,000	3,351E-2	5,083E-2
69,033		
69,067		
69,100	3,350E-2	5,058E-2
69,133		
69,167		
69,200	3,350E-2	5,046E-2
69,233		
69,267		
69,300	3,349E-2	5,026E-2
69,333		
69,367		
69,400	3,348E-2	5,003E-2
69,433		
69,467		
69,500	3,345E-2	4,976E-2
69,533		
69,567		
69,600	3,343E-2	4,931E-2
69,633		
69,667		
69,700	3,342E-2	4,911E-2
69,733		
69,767		
69,800	3,342E-2	4,911E-2
69,833		
69,867		
69,900	3,342E-2	4,911E-2
69,933		
69,967		
70,000	3,342E-2	4,893E-2
70,033		
70,067		
70,100	3,341E-2	4,883E-2
70,133		
70,167		
70,200	3,341E-2	4,873E-2
70,233		
70,267		
70,300	3,340E-2	4,853E-2
70,333		
70,367		
70,400	3,339E-2	4,815E-2
70,433		
70,467		
70,500	3,338E-2	4,795E-2
70,533		
70,567		
70,600	3,337E-2	4,778E-2
70,633		
70,667		
70,700	3,332E-2	4,763E-2
70,733		
70,767		
70,800	3,331E-2	4,745E-2
70,833		
70,867		
70,900	3,328E-2	4,740E-2
70,933		
70,967		
71,000	3,328E-2	4,723E-2
71,033		
71,067		
71,100	3,327E-2	4,703E-2
71,133		
71,167		
71,200	3,327E-2	4,693E-2
71,233		
71,267		
71,300	3,326E-2	4,683E-2
71,333		
71,367		
71,400	3,326E-2	4,667E-2
71,433		
71,467		
71,500	3,325E-2	4,650E-2
71,533		
71,567		
71,600	3,329E-2	4,625E-2
71,633		
71,667		
71,700	3,329E-2	4,620E-2
71,733		
71,767		
71,800	3,329E-2	4,607E-2
71,833		
71,867		
71,900	3,330E-2	4,584E-2
71,933		
71,967		
72,000	3,330E-2	4,567E-2
72,033		
72,067		
72,100	3,329E-2	4,542E-2
72,133		
72,167		
72,200	3,328E-2	4,534E-2
72,233		
72,267		
72,300	3,328E-2	4,524E-2
72,333		
72,367		
72,400	3,327E-2	4,507E-2
72,433		
72,467		
72,500	3,327E-2	4,482E-2
72,533		
72,567		
72,600	3,326E-2	4,462E-2
72,633		
72,667		
72,700	3,325E-2	4,454E-2
72,733		
72,767		
72,800	3,325E-2	4,454E-2
72,833		
72,867		
72,900	3,325E-2	4,454E-2
72,933		
72,967		
73,000	3,325E-2	4,436E-2
73,033		
73,067		
73,100	3,324E-2	4,404E-2
73,133		
73,167		
73,200	3,323E-2	4,381E-2
73,233		
73,267		
73,300	3,322E-2	4,351E-2
73,333		
73,367		
73,400	3,320E-2	4,309E-2
73,433		
73,467		
73,500	3,324E-2	4,278E-2
73,533		
73,567		
73,600	3,323E-2	4,253E-2
73,633		
73,667		
73,700	3,323E-2	4,248E-2
73,733		
73,767		
73,800	3,324E-2	4,220E-2
73,833		
73,867		
73,900	3,324E-2	4,220E-2
73,933		
73,967		
74,000	3,324E-2	4,215E-2
74,033		
74,067		
74,100	3,324E-2	4,208E-2
74,133		
74,167		
74,200	3,323E-2	4,193E-2
74,233		
74,267		
74,300	3,323E-2	4,175E-2
74,333		
74,367		
74,400	3,322E-2	4,158E-2
74,433		
74,467		
74,500	3,324E-2	4,128E-2
74,533		
74,567		
74,600	3,323E-2	4,108E-2
74,633		
74,667		
74,700	3,322E-2	4,090E-2
74,733		
74,767		
74,800	3,336E-2	4,069E-2
74,833		
74,867		
74,900	3,339E-2	4,059E-2
74,933		
74,967		
75,000	3,338E-2	4,042E-2
75,033		
75,067		
75,100	3,345E-2	4,034E-2
75,133		
75,167		
75,200	3,347E-2	4,024E-2
75,233		
75,267		
75,300	3,347E-2	4,016E-2
75,333		
75,367		
75,400	3,349E-2	3,986E-2
75,433		
75,467		
75,500	3,348E-2	3,968E-2
75,533		
75,567		
75,600	3,348E-2	3,968E-2
75,633		
75,667		
75,700	3,347E-2	3,958E-2
75,733		
75,767		
75,800	3,347E-2	3,948E-2
75,833		
75,867		
75,900	3,347E-2	3,938E-2
75,933		
75,967		
76,000	3,346E-2	3,931E-2
76,033		
76,067		
76,100	3,351E-2	3,918E-2
76,133		
76,167		
76,200	3,350E-2	3,898E-2
76,233		
76,267		
76,300	3,350E-2	3,883E-2
76,333		
76,367		
76,400	3,349E-2	3,875E-2
76,433		
76,467		
76,500	3,349E-2	3,858E-2
76,533		
76,567		
76,600	3,353E-2	3,840E-2
76,633		
76,667		
76,700	3,355E-2	3,820E-2
76,733		
76,767		
76,800	3,354E-2	3,790E-2
76,833		
76,867		
76,900	3,354E-2	3,732E-2
76,933		
76,967		
77,000	3,354E-2	3,720E-2
77,033		
77,067		
77,100	3,354E-2	3,712E-2
77,133		
77,167		
77,200	3,353E-2	3,687E-2
77,233		
77,267		
77,300	3,335E-2	3,695E-2
77,333		
77,367		
77,400	3,335E-2	3,688E-2
77,433		
77,467		
77,500	3,329E-2	3,663E-2
77,533		
77,567		
77,600	3,329E-2	3,648E-2
77,633		
77,667		
77,700	3,331E-2	3,645E-2
77,733		
77,767		
77,800	3,333E-2	3,627E-2
77,833		
77,867		
77,900	3,332E-2	3,612E-2
77,933		
77,967		
78,000	3,332E-2	3,602E-2
78,033		
78,067		
78,100	3,331E-2	3,590E-2
78,133		
78,167		
78,200	3,331E-2	3,570E-2
78,233		
78,267		
78,300	3,330E-2	3,550E-2
78,333		
78,367		
78,400	3,330E-2	3,542E-2
78,433		
78,467		
78,500	3,329E-2	3,525E-2
78,533		
78,567		
78,600	3,329E-2	3,517E-2
78,633		
78,667		
78,700	3,329E-2	3,510E-2
78,733		
78,767		
78,800	3,329E-2	3,510E-2
78,833		
78,867		
78,900	3,329E-2	3,510E-2
78,933		
78,967		
79,000	3,328E-2	3,495E-2
79,033		
79,067		
79,100	3,325E-2	3,485E-2
79,133		
79,167		
79,200	3,325E-2	3,470E-2
79,233		
79,267		
79,300	3,326E-2	3,452E-2
79,333		
79,367		
79,400	3,330E-2	3,424E-2
79,433		
79,467		
79,500	3,332E-2	3,406E-2
79,533		
79,567		
79,600	3,332E-2	3,389E-2
79,633		
79,667		
79,700	3,331E-2	3,374E-2
79,733		
79,767		
79,800	3,333E-2	3,361E-2
79,833		
79,867		
79,900	3,337E-2	3,343E-2
79,933		
79,967		
80,000	3,337E-2	3,333E-2
80,033		
80,067		
80,100	3,337E-2	3,328E-2
80,133		
80,167		
80,200	3,338E-2	3,288E-2
80,233		
80,267		
80,300	3,337E-2	3,256E-2
80,333		
80,367		
80,400	3,336E-2	3,241E-2
80,433		
80,467		
80,500	3,333E-2	3,221E-2
80,533		
80,567		
80,600	3,333E-2	3,211E-2
80,633		
80,667		
80,700	3,332E-2	3,206E-2
80,733		
80,767		
80,800	3,341E-2	3,157E-2
80,833		
80,867		
80,900	3,341E-2	3,152E-2
80,933		
80,967		
81,000	3,340E-2	3,137E-2
81,033		
81,067		
81,100	3,339E-2	3,110E-2
81,133		
81,167		
81,200	3,338E-2	3,090E-2
81,233		
81,267		
81,300	3,360E-2	3,059E-2
81,333		
81,367		
81,400	3,352E-2	3,042E-2
81,433		
81,467		
81,500	3,343E-2	3,014E-2
81,533		
81,567		
81,600	3,337E-2	2,994E-2
81,633		
81,667		
81,700	3,339E-2	2,987E-2
81,733		
81,767		
81,800	3,339E-2	2,984E-2
81,833		
81,867		
81,900	3,339E-2	2,984E-2
81,933		
81,967		
82,000	3,334E-2	2,964E-2
82,033		
82,067		
82,100	3,338E-2	2,947E-2
82,133		
82,167		
82,200	3,338E-2	2,947E-2
82,233		
82,267		
82,300	3,338E-2	2,947E-2
82,333		
82,367		
82,400	3,338E-2	2,947E-2
82,433		
82,467		
82,500	3,342E-2	2,919E-2
82,533		
82,567		
82,600	3,342E-2	2,919E-2
82,633		
82,667		
82,700	3,339E-2	2,899E-2
82,733		
82,767		
82,800	3,336E-2	2,879E-2
82,833		
82,867		
82,900	3,335E-2	2,859E-2
82,933		
82,967		
83,000	3,334E-2	2,834E-2
83,033		
83,067		
83,100	3,333E-2	2,819E-2
83,133		
83,167		
83,200	3,332E-2	2,796E-2
83,233		
83,267		
83,300	3,332E-2	2,796E-2
83,333		
83,367		
83,400	3,332E-2	2,796E-2
83,433		
83,467		
83,500	3,332E-2	2,789E-2
83,533		
83,567		
83,600	3,332E-2	2,776E-2
83,633		
83,667		
83,700	3,331E-2	2,766E-2
83,733		
83,767		
83,800	3,331E-2	2,748E-2
83,833		
83,867		
83,900	3,331E-2	2,746E-2
83,933		
83,967		
84,000	3,330E-2	2,731E-2
84,033		
84,067		
84,100	3,330E-2	2,728E-2
84,133		
84,167		
84,200	3,330E-2	2,718E-2
84,233		
84,267		
84,300	3,330E-2	2,718E-2
84,333		
84,367		
84,400	3,330E-2	2,718E-2
84,433		
84,467		
84,500	3,330E-2	2,716E-2
84,533		
84,567		
84,600	3,329E-2	2,711E-2
84,633		
84,667		
84,700	3,332E-2	2,711E-2
84,733		
84,767		
84,800	3,332E-2	2,711E-2
84,833		
84,867		
84,900	3,331E-2	2,698E-2
84,933		
84,967		
85,000	3,331E-2	2,681E-2
85,033		
85,067		
85,100	3,330E-2	2,648E-2
85,133		
85,167		
85,200	3,332E-2	2,635E-2
85,233		
85,267		
85,300	3,331E-2	2,608E-2
85,333		
85,367		
85,400	3,330E-2	2,603E-2
85,433		
85,467		
85,500	3,330E-2	2,588E-2
85,533		
85,567		
85,600	3,314E-2	2,578E-2
85,633		
85,667		
85,700	3,314E-2	2,561E-2
85,733		
85,767		
85,800	3,313E-2	2,551E-2
85,833		
85,867		
85,900	3,310E-2	2,533E-2
85,933		
85,967		
86,000	3,312E-2	2,513E-2
86,033		
86,067		
86,100	3,312E-2	2,503E-2
86,133		
86,167		
86,200	3,311E-2	2,485E-2
86,233		
86,267		
86,300	3,311E-2	2,483E-2
86,333		
86,367		
86,400	3,311E-2	2,473E-2
86,433		
86,467		
86,500	3,310E-2	2,470E-2
86,533		
86,567		
86,600	3,310E-2	2,460E-2
86,633		
86,667		
86,700	3,310E-2	2,450E-2
86,733		
86,767		
86,800	3,309E-2	2,440E-2
86,833		
86,867		
86,900	3,309E-2	2,425E-2
86,933		
86,967		
87,000	3,309E-2	2,425E-2
87,033		
87,067		
87,100	3,308E-2	2,413E-2
87,133		
87,167		
87,200	3,308E-2	2,403E-2
87,233		
87,267		
87,300	3,308E-2	2,393E-2
87,333		
87,367		
87,400	3,308E-2	2,390E-2
87,433		
87,467		
87,500	3,307E-2	2,373E-2
87,533		
87,567		
87,600	3,307E-2	2,368E-2
87,633		
87,667		
87,700	3,306E-2	2,358E-2
87,733		
87,767		
87,800	3,306E-2	2,355E-2
87,833		
87,867		
87,900	3,303E-2	2,335E-2
87,933		
87,967		
88,000	3,303E-2	2,323E-2
88,033		
88,067		
88,100	3,302E-2	2,300E-2
88,133		
88,167		
88,200	3,301E-2	2,290E-2
88,233		
88,267		
88,300	3,301E-2	2,280E-2
88,333		
88,367		
88,400	3,300E-2	2,262E-2
88,433		
88,467		
88,500	3,300E-2	2,255E-2
88,533		
88,567		
88,600	3,299E-2	2,232E-2
88,633		
88,667		
88,700	3,299E-2	2,225E-2
88,733		
88,767		
88,800	3,298E-2	2,212E-2
88,833		
88,867		
88,900	3,298E-2	2,212E-2
88,933		
88,967		
89,000	3,298E-2	2,205E-2
89,033		
89,067		
89,100	3,298E-2	2,200E-2
89,133		
89,167		
89,200	3,298E-2	2,190E-2
89,233		
89,267		
89,300	3,295E-2	2,177E-2
89,333		
89,367		
89,400	3,295E-2	2,172E-2
89,433		
89,467		
89,500	3,295E-2	2,172E-2
89,533		
89,567		
89,600	3,294E-2	2,165E-2
89,633		
89,667		
89,700	3,294E-2	2,162E-2
89,733		
89,767		
89,800	3,294E-2	2,155E-2
89,833		
89,867		
89,900	3,293E-2	2,140E-2
89,933		
89,967		
90,000	3,293E-2	2,132E-2
90,033		
90,067		
90,100	3,293E-2	2,132E-2
90,133		
90,167		
90,200	3,293E-2	2,135E-2
90,233		
90,267		
90,300	3,293E-2	2,130E-2
90,333		
90,367		
90,400	3,293E-2	2,130E-2
90,433		
90,467		
90,500	3,293E-2	2,122E-2
90,533		
90,567		
90,600	3,292E-2	2,112E-2
90,633		
90,667		
90,700	3,292E-2	2,092E-2
90,733		
90,767		
90,800	3,291E-2	2,077E-2
90,833		
90,867		
90,900	3,289E-2	2,032E-2
90,933		
90,967		
91,000	3,288E-2	1,997E-2
91,033		
91,067		
91,100	3,282E-2	1,979E-2
91,133		
91,167		
91,200	3,282E-2	1,974E-2
91,233		
91,267		
91,300	3,289E-2	1,956E-2
91,333		
91,367		
91,400	3,289E-2	1,944E-2
91,433		
91,467		
91,500	3,288E-2	1,926E-2
91,533		
91,567		
91,600	3,288E-2	1,919E-2
91,633		
91,667		
91,700	3,287E-2	1,901E-2
91,733		
91,767		
91,800	3,287E-2	1,886E-2
91,833		
91,867		
91,900	3,286E-2	1,881E-2
91,933		
91,967		
92,000	3,286E-2	1,861E-2
92,033		
92,067		
92,100	3,286E-2	1,861E-2
92,133		
92,167		
92,200	3,285E-2	1,854E-2
92,233		
92,267		
92,300	3,285E-2	1,838E-2
92,333		
92,367		
92,400	3,285E-2	1,833E-2
92,433		
92,467		
92,500	3,284E-2	1,823E-2
92,533		
92,567		
92,600	3,284E-2	1,806E-2
92,633		
92,667		
92,700	3,283E-2	1,803E-2
92,733		
92,767		
92,800	3,283E-2	1,793E-2
92,833		
92,867		
92,900	3,283E-2	1,781E-2
92,933		
92,967		
93,000	3,283E-2	1,781E-2
93,033		
93,067		
93,100	3,282E-2	1,773E-2
93,133		
93,167		
93,200	3,282E-2	1,763E-2
93,233		
93,267		
93,300	3,282E-2	1,756E-2
93,333		
93,367		
93,400	3,277E-2	1,751E-2
93,433		
93,467		
93,500	3,276E-2	1,733E-2
93,533		
93,567		
93,600	3,276E-2	1,723E-2
93,633		
93,667		
93,700	3,265E-2	1,709E-2
93,733		
93,767		
93,800	3,264E-2	1,694E-2
93,833		
93,867		
93,900	3,264E-2	1,689E-2
93,933		
93,967		
94,000	3,264E-2	1,686E-2
94,033		
94,067		
94,100	3,264E-2	1,681E-2
94,133		
94,167		
94,200	3,264E-2	1,673E-2
94,233		
94,267		
94,300	3,261E-2	1,664E-2
94,333		
94,367		
94,400	3,261E-2	1,664E-2
94,433		
94,467		
94,500	3,260E-2	1,656E-2
94,533		
94,567		
94,600	3,245E-2	1,631E-2
94,633		
94,667		
94,700	3,245E-2	1,634E-2
94,733		
94,767		
94,800	3,244E-2	1,614E-2
94,833		
94,867		
94,900	3,245E-2	1,574E-2
94,933		
94,967		
95,000	3,244E-2	1,554E-2
95,033		
95,067		
95,100	3,246E-2	1,536E-2
95,133		
95,167		
95,200	3,246E-2	1,536E-2
95,233		
95,267		
95,300	3,246E-2	1,523E-2
95,333		
95,367		
95,400	3,245E-2	1,503E-2
95,433		
95,467		
95,500	3,244E-2	1,493E-2
95,533		
95,567		
95,600	3,244E-2	1,488E-2
95,633		
95,667		
95,700	3,244E-2	1,483E-2
95,733		
95,767		
95,800	3,246E-2	1,463E-2
95,833		
95,867		
95,900	3,250E-2	1,448E-2
95,933		
95,967		
96,000	3,250E-2	1,443E-2
96,033		
96,067		
96,100	3,250E-2	1,438E-2
96,133		
96,167		
96,200	3,245E-2	1,431E-2
96,233		
96,267		
96,300	3,244E-2	1,423E-2
96,333		
96,367		
96,400	3,244E-2	1,416E-2
96,433		
96,467		
96,500	3,241E-2	1,408E-2
96,533		
96,567		
96,600	3,241E-2	1,401E-2
96,633		
96,667		
96,700	3,241E-2	1,388E-2
96,733		
96,767		
96,800	3,235E-2	1,376E-2
96,833		
96,867		
96,900	3,230E-2	1,373E-2
96,933		
96,967		
97,000	3,227E-2	1,363E-2
97,033		
97,067		
97,100	3,227E-2	1,358E-2
97,133		
97,167		
97,200	3,227E-2	1,351E-2
97,233		
97,267		
97,300	3,226E-2	1,343E-2
97,333		
97,367		
97,400	3,226E-2	1,336E-2
97,433		
97,467		
97,500	3,226E-2	1,328E-2
97,533		
97,567		
97,600	3,226E-2	1,321E-2
97,633		
97,667		
97,700	3,225E-2	1,308E-2
97,733		
97,767		
97,800	3,225E-2	1,301E-2
97,833		
97,867		
97,900	3,225E-2	1,293E-2
97,933		
97,967		
98,000	3,229E-2	1,275E-2
98,033		
98,067		
98,100	3,231E-2	1,265E-2
98,133		
98,167		
98,200	3,231E-2	1,258E-2
98,233		
98,267		
98,300	3,231E-2	1,258E-2
98,333		
98,367		
98,400	3,231E-2	1,258E-2
98,433		
98,467		
98,500	3,230E-2	1,225E-2
98,533		
98,567		
98,600	3,232E-2	1,213E-2
98,633		
98,667		
98,700	3,232E-2	1,210E-2
98,733		
98,767		
98,800	3,231E-2	1,202E-2
98,833		
98,867		
98,900	3,231E-2	1,192E-2
98,933		
98,967		
99,000	3,231E-2	1,187E-2
99,033		
99,067		
99,100	3,231E-2	1,182E-2
99,133		
99,167		
99,200	3,230E-2	1,177E-2
99,233		
99,267		
99,300	3,230E-2	1,170E-2
99,333		
99,367		
99,400	3,227E-2	1,162E-2
99,433		
99,467		
99,500	3,227E-2	1,155E-2
99,533		
99,567		
99,600	3,219E-2	1,145E-2
99,633		
99,667		
99,700	3,219E-2	1,140E-2
99,733		
99,767		
99,800	3,219E-2	1,135E-2
99,833		
99,867		
99,900	3,218E-2	1,128E-2
99,933		
99,967		
100,000	3,218E-2	1,118E-2
100,033		
100,067		
100,100	3,220E-2	1,102E-2
100,133		
100,167		
100,200	3,220E-2	1,100E-2
100,233		
100,267		
100,300	3,220E-2	1,092E-2
100,333		
100,367		
100,400	3,220E-2	1,092E-2
100,433		
100,467		
100,500	3,220E-2	1,087E-2
100,533		
100,567		
100,600	3,214E-2	1,073E-2
100,633		
100,667		
100,700	3,214E-2	1,063E-2
100,733		
100,767		
100,800	3,213E-2	1,047E-2
100,833		
100,867		
100,900	3,207E-2	1,028E-2
100,933		
100,967		
101,000	3,207E-2	1,020E-2
101,033		
101,067		
101,100	3,207E-2	1,013E-2
101,133		
101,167		
101,200	3,206E-2	9,925E-3
101,233		
101,267		
101,300	3,206E-2	9,925E-3
101,333		
101,367		
101,400	3,206E-2	9,925E-3
101,433		
101,467		
101,500	3,206E-2	9,899E-3
101,533		
101,567		
101,600	3,206E-2	9,799E-3
101,633		
101,667		
101,700	3,205E-2	9,699E-3
101,733		
101,767		
101,800	3,205E-2	9,624E-3
101,833		
101,867		
101,900	3,202E-2	9,524E-3
101,933		
101,967		
102,000	3,209E-2	9,446E-3
102,033		
102,067		
102,100	3,212E-2	9,420E-3
102,133		
102,167		
102,200	3,214E-2	9,344E-3
102,233		
102,267		
102,300	3,214E-2	9,344E-3
102,333		
102,367		
102,400	3,214E-2	9,344E-3
102,433		
102,467		
102,500	3,214E-2	9,344E-3
102,533		
102,567		
102,600	3,214E-2	9,294E-3
102,633		
102,667		
102,700	3,213E-2	9,118E-3
102,733		
102,767		
102,800	3,213E-2	9,068E-3
102,833		
102,867		
102,900	3,213E-2	8,968E-3
102,933		
102,967		
103,000	3,213E-2	8,968E-3
103,033		
103,067		
103,100	3,213E-2	8,968E-3
103,133		
103,167		
103,200	3,213E-2	8,968E-3
103,233		
103,267		
103,300	3,212E-2	8,867E-3
103,333		
103,367		
103,400	3,209E-2	8,818E-3
103,433		
103,467		
103,500	3,209E-2	8,818E-3
103,533		
103,567		
103,600	3,209E-2	8,818E-3
103,633		
103,667		
103,700	3,209E-2	8,818E-3
103,733		
103,767		
103,800	3,209E-2	8,718E-3
103,833		
103,867		
103,900	3,209E-2	8,668E-3
103,933		
103,967		
104,000	3,209E-2	8,643E-3
104,033		
104,067		
104,100	3,206E-2	8,543E-3
104,133		
104,167		
104,200	3,206E-2	8,543E-3
104,233		
104,267		
104,300	3,206E-2	8,543E-3
104,333		
104,367		
104,400	3,206E-2	8,468E-3
104,433		
104,467		
104,500	3,208E-2	8,392E-3
104,533		
104,567		
104,600	3,208E-2	8,342E-3
104,633		
104,667		
104,700	3,208E-2	8,342E-3
104,733		
104,767		
104,800	3,208E-2	8,317E-3
104,833		
104,867		
104,900	3,210E-2	8,215E-3
104,933		
104,967		
105,000	3,210E-2	8,215E-3
105,033		
105,067		
105,100	3,210E-2	8,215E-3
105,133		
105,167		
105,200	3,210E-2	8,190E-3
105,233		
105,267		
105,300	3,209E-2	8,115E-3
105,333		
105,367		
105,400	3,209E-2	8,015E-3
105,433		
105,467		
105,500	3,211E-2	7,913E-3
105,533		
105,567		
105,600	3,211E-2	7,813E-3
105,633		
105,667		
105,700	3,211E-2	7,763E-3
105,733		
105,767		
105,800	3,210E-2	7,713E-3
105,833		
105,867		
105,900	3,210E-2	7,713E-3
105,933		
105,967		
106,000	3,210E-2	7,713E-3
106,033		
106,067		
106,100	3,222E-2	7,508E-3
106,133		
106,167		
106,200	3,225E-2	7,507E-3
106,233		
106,267		
106,300	3,224E-2	7,406E-3
106,333		
106,367		
106,400	3,224E-2	7,356E-3
106,433		
106,467		
106,500	3,224E-2	7,256E-3
106,533		
106,567		
106,600	3,224E-2	7,231E-3
106,633		
106,667		
106,700	3,224E-2	7,181E-3
106,733		
106,767		
106,800	3,223E-2	7,105E-3
106,833		
106,867		
106,900	3,223E-2	7,030E-3
106,933		
106,967		
107,000	3,223E-2	7,005E-3
107,033		
107,067		
107,100	3,223E-2	7,005E-3
107,133		
107,167		
107,200	3,223E-2	6,980E-3
107,233		
107,267		
107,300	3,223E-2	6,980E-3
107,333		
107,367		
107,400	3,223E-2	6,980E-3
107,433		
107,467		
107,500	3,223E-2	6,930E-3
107,533		
107,567		
107,600	3,223E-2	6,930E-3
107,633		
107,667		
107,700	3,225E-2	6,828E-3
107,733		
107,767		
107,800	3,225E-2	6,828E-3
107,833		
107,867		
107,900	3,225E-2	6,828E-3
107,933		
107,967		
108,000	3,225E-2	6,803E-3
108,033		
108,067		
108,100	3,212E-2	6,783E-3
108,133		
108,167		
108,200	3,212E-2	6,783E-3
108,233		
108,267		
108,300	3,212E-2	6,783E-3
108,333		
108,367		
108,400	3,212E-2	6,783E-3
108,433		
108,467		
108,500	3,209E-2	6,734E-3
108,533		
108,567		
108,600	3,209E-2	6,734E-3
108,633		
108,667		
108,700	3,209E-2	6,734E-3
108,733		
108,767		
108,800	3,207E-2	6,659E-3
108,833		
108,867		
108,900	3,207E-2	6,659E-3
108,933		
108,967		
109,000	3,207E-2	6,659E-3
109,033		
109,067		
109,100	3,209E-2	6,558E-3
109,133		
109,167		
109,200	3,209E-2	6,508E-3
109,233		
109,267		
109,300	3,208E-2	6,433E-3
109,333		
109,367		
109,400	3,208E-2	6,408E-3
109,433		
109,467		
109,500	3,208E-2	6,408E-3
109,533		
109,567		
109,600	3,208E-2	6,332E-3
109,633		
109,667		
109,700	3,208E-2	6,232E-3
109,733		
109,767		
109,800	3,207E-2	6,207E-3
109,833		
109,867		
109,900	3,207E-2	6,132E-3
109,933		
109,967		
110,000	3,207E-2	6,031E-3
110,033		
110,067		
110,100	3,212E-2	5,954E-3
110,133		
110,167		
110,200	3,212E-2	5,954E-3
110,233		
110,267		
110,300	3,212E-2	5,954E-3
110,333		
110,367		
110,400	3,212E-2	5,954E-3
110,433		
110,467		
110,500	3,206E-2	5,931E-3
110,533		
110,567		
110,600	3,206E-2	5,906E-3
110,633		
110,667		
110,700	3,203E-2	5,807E-3
110,733		
110,767		
110,800	3,203E-2	5,756E-3
110,833		
110,867		
110,900	3,203E-2	5,631E-3
110,933		
110,967		
111,000	3,203E-2	5,581E-3
111,033		
111,067		
111,100	3,202E-2	5,531E-3
111,133		
111,167		
111,200	3,200E-2	5,456E-3
111,233		
111,267		
111,300	3,199E-2	5,406E-3
111,333		
111,367		
111,400	3,199E-2	5,406E-3
111,433		
111,467		
111,500	3,199E-2	5,406E-3
111,533		
111,567		
111,600	3,199E-2	5,406E-3
111,633		
111,667		
111,700	3,197E-2	5,407E-3
111,733		
111,767		
111,800	3,197E-2	5,357E-3
111,833		
111,867		
111,900	3,197E-2	5,357E-3
111,933		
111,967		
112,000	3,197E-2	5,357E-3
112,033		
112,067		
112,100	3,197E-2	5,357E-3
112,133		
112,167		
112,200	3,197E-2	5,357E-3
112,233		
112,267		
112,300	3,197E-2	5,332E-3
112,333		
112,367		
112,400	3,197E-2	5,307E-3
112,433		
112,467		
112,500	3,197E-2	5,307E-3
112,533		
112,567		
112,600	3,197E-2	5,307E-3
112,633		
112,667		
112,700	3,197E-2	5,307E-3
112,733		
112,767		
112,800	3,197E-2	5,282E-3
112,833		
112,867		
112,900	3,197E-2	5,282E-3
112,933		
112,967		
113,000	3,197E-2	5,282E-3
113,033		
113,067		
113,100	3,197E-2	5,282E-3
113,133		
113,167		
113,200	3,197E-2	5,282E-3
113,233		
113,267		
113,300	3,196E-2	5,181E-3
113,333		
113,367		
113,400	3,196E-2	5,181E-3
113,433		
113,467		
113,500	3,196E-2	5,181E-3
113,533		
113,567		
113,600	3,196E-2	5,181E-3
113,633		
113,667		
113,700	3,196E-2	5,181E-3
113,733		
113,767		
113,800	3,196E-2	5,181E-3
113,833		
113,867		
113,900	3,196E-2	5,156E-3
113,933		
113,967		
114,000	3,196E-2	5,156E-3
114,033		
114,067		
114,100	3,196E-2	5,156E-3
114,133		
114,167		
114,200	3,196E-2	5,156E-3
114,233		
114,267		
114,300	3,196E-2	5,156E-3
114,333		
114,367		
114,400	3,196E-2	5,156E-3
114,433		
114,467		
114,500	3,196E-2	5,156E-3
114,533		
114,567		
114,600	3,196E-2	5,156E-3
114,633		
114,667		
114,700	3,188E-2	5,059E-3
114,733		
114,767		
114,800	3,188E-2	5,009E-3
114,833		
114,867		
114,900	3,195E-2	4,931E-3
114,933		
114,967		
115,000	3,203E-2	4,928E-3
115,033		
115,067		
115,100	3,203E-2	4,928E-3
115,133		
115,167		
115,200	3,203E-2	4,928E-3
115,233		
115,267		
115,300	3,203E-2	4,928E-3
115,333		
115,367		
115,400	3,203E-2	4,928E-3
115,433		
115,467		
115,500	3,203E-2	4,928E-3
115,533		
115,567		
115,600	3,203E-2	4,928E-3
115,633		
115,667		
115,700	3,203E-2	4,878E-3
115,733		
115,767		
115,800	3,203E-2	4,878E-3
115,833		
115,867		
115,900	3,203E-2	4,878E-3
115,933		
115,967		
116,000	3,205E-2	4,751E-3
116,033		
116,067		
116,100	3,205E-2	4,751E-3
116,133		
116,167		
116,200	3,205E-2	4,751E-3
116,233		
116,267		
116,300	3,205E-2	4,751E-3
116,333		
116,367		
116,400	3,205E-2	4,751E-3
116,433		
116,467		
116,500	3,205E-2	4,751E-3
116,533		
116,567		
116,600	3,205E-2	4,751E-3
116,633		
116,667		
116,700	3,205E-2	4,751E-3
116,733		
116,767		
116,800	3,212E-2	4,623E-3
116,833		
116,867		
116,900	3,212E-2	4,623E-3
116,933		
116,967		
117,000	3,212E-2	4,623E-3
117,033		
117,067		
117,100	3,206E-2	4,500E-3
117,133		
117,167		
117,200	3,206E-2	4,500E-3
117,233		
117,267		
117,300	3,206E-2	4,500E-3
117,333		
117,367		
117,400	3,206E-2	4,500E-3
117,433		
117,467		
117,500	3,206E-2	4,500E-3
117,533		
117,567		
117,600	3,206E-2	4,500E-3
117,633		
117,667		
117,700	3,206E-2	4,500E-3
117,733		
117,767		
117,800	3,206E-2	4,500E-3
117,833		
117,867		
117,900	3,206E-2	4,500E-3
117,933		
117,967		
118,000	3,206E-2	4,500E-3
118,033		
118,067		
118,100	3,206E-2	4,500E-3
118,133		
118,167		
118,200	3,206E-2	4,500E-3
118,233		
118,267		
118,300	3,206E-2	4,500E-3
118,333		
118,367		
118,400	3,206E-2	4,500E-3
118,433		
118,467		
118,500	3,206E-2	4,500E-3
118,533		
118,567		
118,600	3,206E-2	4,500E-3
118,633		
118,667		
118,700	3,206E-2	4,500E-3
118,733		
118,767		
118,800	3,206E-2	4,500E-3
118,833		
118,867		
118,900	3,206E-2	4,500E-3
118,933		
118,967		
119,000	3,206E-2	4,500E-3
119,033		
119,067		
119,100	3,206E-2	4,424E-3
119,133		
119,167		
119,200	3,206E-2	4,424E-3
119,233		
119,267		
119,300	3,206E-2	4,424E-3
119,333		
119,367		
119,400	3,206E-2	4,424E-3
119,433		
119,467		
119,500	3,206E-2	4,424E-3
119,533		
119,567		
119,600	3,206E-2	4,424E-3
119,633		
119,667		
119,700	3,214E-2	4,522E-3
