	masa A		
t	x	y	
0,000	1,395E-2	0,249
0,033		
0,067		
0,100		
0,133		
0,167	1,394E-2	0,249
0,200		
0,233		
0,267		
0,300		
0,333	1,391E-2	0,248
0,367		
0,400		
0,433		
0,467		
0,500	1,389E-2	0,247
0,533		
0,567		
0,600		
0,633		
0,667	1,386E-2	0,247
0,700		
0,733		
0,767		
0,800		
0,833	1,384E-2	0,246
0,867		
0,900		
0,933		
0,967		
1,000	1,381E-2	0,246
1,033		
1,067		
1,100		
1,133		
1,167	1,379E-2	0,245
1,200		
1,233		
1,267		
1,300		
1,333	1,377E-2	0,244
1,367		
1,400		
1,433		
1,467		
1,500	1,384E-2	0,244
1,533		
1,567		
1,600		
1,633		
1,667	1,371E-2	0,243
1,700		
1,733		
1,767		
1,800		
1,833	1,369E-2	0,242
1,867		
1,900		
1,933		
1,967		
2,000	1,367E-2	0,242
2,033		
2,067		
2,100		
2,133		
2,167	1,368E-2	0,241
2,200		
2,233		
2,267		
2,300		
2,333	1,366E-2	0,241
2,367		
2,400		
2,433		
2,467		
2,500	1,374E-2	0,240
2,533		
2,567		
2,600		
2,633		
2,667	1,376E-2	0,239
2,700		
2,733		
2,767		
2,800		
2,833	1,374E-2	0,239
2,867		
2,900		
2,933		
2,967		
3,000	1,368E-2	0,238
3,033		
3,067		
3,100		
3,133		
3,167	1,366E-2	0,238
3,200		
3,233		
3,267		
3,300		
3,333	1,364E-2	0,238
3,367		
3,400		
3,433		
3,467		
3,500	1,362E-2	0,237
3,533		
3,567		
3,600		
3,633		
3,667	1,359E-2	0,236
3,700		
3,733		
3,767		
3,800		
3,833	1,356E-2	0,235
3,867		
3,900		
3,933		
3,967		
4,000	1,354E-2	0,235
4,033		
4,067		
4,100		
4,133		
4,167	1,349E-2	0,235
4,200		
4,233		
4,267		
4,300		
4,333	1,350E-2	0,234
4,367		
4,400		
4,433		
4,467		
4,500	1,351E-2	0,234
4,533		
4,567		
4,600		
4,633		
4,667	1,357E-2	0,233
4,700		
4,733		
4,767		
4,800		
4,833	1,353E-2	0,232
4,867		
4,900		
4,933		
4,967		
5,000	1,348E-2	0,231
5,033		
5,067		
5,100		
5,133		
5,167	1,347E-2	0,231
5,200		
5,233		
5,267		
5,300		
5,333	1,353E-2	0,230
5,367		
5,400		
5,433		
5,467		
5,500	1,349E-2	0,230
5,533		
5,567		
5,600		
5,633		
5,667	1,346E-2	0,229
5,700		
5,733		
5,767		
5,800		
5,833	1,355E-2	0,228
5,867		
5,900		
5,933		
5,967		
6,000	1,351E-2	0,227
6,033		
6,067		
6,100		
6,133		
6,167	1,348E-2	0,227
6,200		
6,233		
6,267		
6,300		
6,333	1,345E-2	0,226
6,367		
6,400		
6,433		
6,467		
6,500	1,356E-2	0,226
6,533		
6,567		
6,600		
6,633		
6,667	1,331E-2	0,225
6,700		
6,733		
6,767		
6,800		
6,833	1,326E-2	0,224
6,867		
6,900		
6,933		
6,967		
7,000	1,323E-2	0,224
7,033		
7,067		
7,100		
7,133		
7,167	1,321E-2	0,223
7,200		
7,233		
7,267		
7,300		
7,333	1,311E-2	0,223
7,367		
7,400		
7,433		
7,467		
7,500	1,309E-2	0,222
7,533		
7,567		
7,600		
7,633		
7,667	1,303E-2	0,222
7,700		
7,733		
7,767		
7,800		
7,833	1,300E-2	0,221
7,867		
7,900		
7,933		
7,967		
8,000	1,297E-2	0,220
8,033		
8,067		
8,100		
8,133		
8,167	1,300E-2	0,220
8,200		
8,233		
8,267		
8,300		
8,333	1,298E-2	0,219
8,367		
8,400		
8,433		
8,467		
8,500	1,294E-2	0,218
8,533		
8,567		
8,600		
8,633		
8,667	1,292E-2	0,218
8,700		
8,733		
8,767		
8,800		
8,833	1,287E-2	0,217
8,867		
8,900		
8,933		
8,967		
9,000	1,287E-2	0,217
9,033		
9,067		
9,100		
9,133		
9,167	1,285E-2	0,216
9,200		
9,233		
9,267		
9,300		
9,333	1,278E-2	0,216
9,367		
9,400		
9,433		
9,467		
9,500	1,274E-2	0,215
9,533		
9,567		
9,600		
9,633		
9,667	1,271E-2	0,215
9,700		
9,733		
9,767		
9,800		
9,833	1,269E-2	0,214
9,867		
9,900		
9,933		
9,967		
10,000	1,264E-2	0,213
10,033		
10,067		
10,100		
10,133		
10,167	1,256E-2	0,212
10,200		
10,233		
10,267		
10,300		
10,333	1,249E-2	0,212
10,367		
10,400		
10,433		
10,467		
10,500	1,248E-2	0,212
10,533		
10,567		
10,600		
10,633		
10,667	1,247E-2	0,211
10,700		
10,733		
10,767		
10,800		
10,833	1,243E-2	0,211
10,867		
10,900		
10,933		
10,967		
11,000	1,241E-2	0,210
11,033		
11,067		
11,100		
11,133		
11,167	1,239E-2	0,209
11,200		
11,233		
11,267		
11,300		
11,333	1,237E-2	0,209
11,367		
11,400		
11,433		
11,467		
11,500	1,236E-2	0,209
11,533		
11,567		
11,600		
11,633		
11,667	1,229E-2	0,208
11,700		
11,733		
11,767		
11,800		
11,833	1,228E-2	0,208
11,867		
11,900		
11,933		
11,967		
12,000	1,225E-2	0,207
12,033		
12,067		
12,100		
12,133		
12,167	1,225E-2	0,207
12,200		
12,233		
12,267		
12,300		
12,333	1,219E-2	0,206
12,367		
12,400		
12,433		
12,467		
12,500	1,215E-2	0,205
12,533		
12,567		
12,600		
12,633		
12,667	1,221E-2	0,204
12,700		
12,733		
12,767		
12,800		
12,833	1,187E-2	0,203
12,867		
12,900		
12,933		
12,967		
13,000	1,185E-2	0,203
13,033		
13,067		
13,100		
13,133		
13,167	1,183E-2	0,202
13,200		
13,233		
13,267		
13,300		
13,333	1,181E-2	0,202
13,367		
13,400		
13,433		
13,467		
13,500	1,179E-2	0,201
13,533		
13,567		
13,600		
13,633		
13,667	1,184E-2	0,200
13,700		
13,733		
13,767		
13,800		
13,833	1,181E-2	0,200
13,867		
13,900		
13,933		
13,967		
14,000	1,181E-2	0,199
14,033		
14,067		
14,100		
14,133		
14,167	1,175E-2	0,199
14,200		
14,233		
14,267		
14,300		
14,333	1,174E-2	0,198
14,367		
14,400		
14,433		
14,467		
14,500	1,172E-2	0,198
14,533		
14,567		
14,600		
14,633		
14,667	1,174E-2	0,197
14,700		
14,733		
14,767		
14,800		
14,833	1,172E-2	0,196
14,867		
14,900		
14,933		
14,967		
15,000	1,169E-2	0,196
15,033		
15,067		
15,100		
15,133		
15,167	1,168E-2	0,196
15,200		
15,233		
15,267		
15,300		
15,333	1,161E-2	0,195
15,367		
15,400		
15,433		
15,467		
15,500	1,159E-2	0,195
15,533		
15,567		
15,600		
15,633		
15,667	1,169E-2	0,194
15,700		
15,733		
15,767		
15,800		
15,833	1,158E-2	0,193
15,867		
15,900		
15,933		
15,967		
16,000	1,158E-2	0,193
16,033		
16,067		
16,100		
16,133		
16,167	1,169E-2	0,193
16,200		
16,233		
16,267		
16,300		
16,333	1,145E-2	0,192
16,367		
16,400		
16,433		
16,467		
16,500	1,145E-2	0,191
16,533		
16,567		
16,600		
16,633		
16,667	1,143E-2	0,190
16,700		
16,733		
16,767		
16,800		
16,833	1,142E-2	0,190
16,867		
16,900		
16,933		
16,967		
17,000	1,139E-2	0,189
17,033		
17,067		
17,100		
17,133		
17,167	1,136E-2	0,188
17,200		
17,233		
17,267		
17,300		
17,333	1,132E-2	0,188
17,367		
17,400		
17,433		
17,467		
17,500	1,125E-2	0,187
17,533		
17,567		
17,600		
17,633		
17,667	1,125E-2	0,187
17,700		
17,733		
17,767		
17,800		
17,833	1,125E-2	0,186
17,867		
17,900		
17,933		
17,967		
18,000	1,125E-2	0,185
18,033		
18,067		
18,100		
18,133		
18,167	1,120E-2	0,185
18,200		
18,233		
18,267		
18,300		
18,333	1,116E-2	0,184
18,367		
18,400		
18,433		
18,467		
18,500	1,122E-2	0,184
18,533		
18,567		
18,600		
18,633		
18,667	1,120E-2	0,184
18,700		
18,733		
18,767		
18,800		
18,833	1,120E-2	0,183
18,867		
18,900		
18,933		
18,967		
19,000	1,127E-2	0,182
19,033		
19,067		
19,100		
19,133		
19,167	1,127E-2	0,182
19,200		
19,233		
19,267		
19,300		
19,333	1,124E-2	0,182
19,367		
19,400		
19,433		
19,467		
19,500	1,127E-2	0,181
19,533		
19,567		
19,600		
19,633		
19,667	1,133E-2	0,180
19,700		
19,733		
19,767		
19,800		
19,833	1,138E-2	0,180
19,867		
19,900		
19,933		
19,967		
20,000	1,136E-2	0,179
20,033		
20,067		
20,100		
20,133		
20,167	1,134E-2	0,178
20,200		
20,233		
20,267		
20,300		
20,333	1,122E-2	0,177
20,367		
20,400		
20,433		
20,467		
20,500	1,121E-2	0,177
20,533		
20,567		
20,600		
20,633		
20,667	1,126E-2	0,176
20,700		
20,733		
20,767		
20,800		
20,833	1,134E-2	0,176
20,867		
20,900		
20,933		
20,967		
21,000	1,132E-2	0,176
21,033		
21,067		
21,100		
21,133		
21,167	1,130E-2	0,175
21,200		
21,233		
21,267		
21,300		
21,333	1,134E-2	0,175
21,367		
21,400		
21,433		
21,467		
21,500	1,124E-2	0,174
21,533		
21,567		
21,600		
21,633		
21,667	1,119E-2	0,174
21,700		
21,733		
21,767		
21,800		
21,833	1,117E-2	0,172
21,867		
21,900		
21,933		
21,967		
22,000	1,116E-2	0,172
22,033		
22,067		
22,100		
22,133		
22,167	1,113E-2	0,171
22,200		
22,233		
22,267		
22,300		
22,333	1,112E-2	0,171
22,367		
22,400		
22,433		
22,467		
22,500	1,125E-2	0,171
22,533		
22,567		
22,600		
22,633		
22,667	1,128E-2	0,170
22,700		
22,733		
22,767		
22,800		
22,833	1,127E-2	0,169
22,867		
22,900		
22,933		
22,967		
23,000	1,127E-2	0,169
23,033		
23,067		
23,100		
23,133		
23,167	1,125E-2	0,169
23,200		
23,233		
23,267		
23,300		
23,333	1,124E-2	0,168
23,367		
23,400		
23,433		
23,467		
23,500	1,119E-2	0,167
23,533		
23,567		
23,600		
23,633		
23,667	1,120E-2	0,166
23,700		
23,733		
23,767		
23,800		
23,833	1,117E-2	0,166
23,867		
23,900		
23,933		
23,967		
24,000	1,116E-2	0,165
24,033		
24,067		
24,100		
24,133		
24,167	1,121E-2	0,165
24,200		
24,233		
24,267		
24,300		
24,333	1,121E-2	0,164
24,367		
24,400		
24,433		
24,467		
24,500	1,119E-2	0,164
24,533		
24,567		
24,600		
24,633		
24,667	1,119E-2	0,163
24,700		
24,733		
24,767		
24,800		
24,833	1,121E-2	0,163
24,867		
24,900		
24,933		
24,967		
25,000	1,119E-2	0,163
25,033		
25,067		
25,100		
25,133		
25,167	1,119E-2	0,162
25,200		
25,233		
25,267		
25,300		
25,333	1,116E-2	0,161
25,367		
25,400		
25,433		
25,467		
25,500	1,114E-2	0,161
25,533		
25,567		
25,600		
25,633		
25,667	1,119E-2	0,160
25,700		
25,733		
25,767		
25,800		
25,833	1,117E-2	0,159
25,867		
25,900		
25,933		
25,967		
26,000	1,118E-2	0,159
26,033		
26,067		
26,100		
26,133		
26,167	1,116E-2	0,158
26,200		
26,233		
26,267		
26,300		
26,333	1,108E-2	0,157
26,367		
26,400		
26,433		
26,467		
26,500	1,106E-2	0,157
26,533		
26,567		
26,600		
26,633		
26,667	1,104E-2	0,156
26,700		
26,733		
26,767		
26,800		
26,833	1,102E-2	0,156
26,867		
26,900		
26,933		
26,967		
27,000	1,100E-2	0,155
27,033		
27,067		
27,100		
27,133		
27,167	1,099E-2	0,155
27,200		
27,233		
27,267		
27,300		
27,333	1,131E-2	0,154
27,367		
27,400		
27,433		
27,467		
27,500	1,129E-2	0,153
27,533		
27,567		
27,600		
27,633		
27,667	1,122E-2	0,153
27,700		
27,733		
27,767		
27,800		
27,833	1,120E-2	0,152
27,867		
27,900		
27,933		
27,967		
28,000	1,118E-2	0,152
28,033		
28,067		
28,100		
28,133		
28,167	1,117E-2	0,152
28,200		
28,233		
28,267		
28,300		
28,333	1,114E-2	0,151
28,367		
28,400		
28,433		
28,467		
28,500	1,113E-2	0,150
28,533		
28,567		
28,600		
28,633		
28,667	1,110E-2	0,150
28,700		
28,733		
28,767		
28,800		
28,833	1,122E-2	0,149
28,867		
28,900		
28,933		
28,967		
29,000	1,120E-2	0,149
29,033		
29,067		
29,100		
29,133		
29,167	1,118E-2	0,148
29,200		
29,233		
29,267		
29,300		
29,333	1,116E-2	0,147
29,367		
29,400		
29,433		
29,467		
29,500	1,107E-2	0,147
29,533		
29,567		
29,600		
29,633		
29,667	1,115E-2	0,146
29,700		
29,733		
29,767		
29,800		
29,833	1,115E-2	0,146
29,867		
29,900		
29,933		
29,967		
30,000	1,113E-2	0,146
30,033		
30,067		
30,100		
30,133		
30,167	1,112E-2	0,145
30,200		
30,233		
30,267		
30,300		
30,333	1,115E-2	0,145
30,367		
30,400		
30,433		
30,467		
30,500	1,117E-2	0,144
30,533		
30,567		
30,600		
30,633		
30,667	1,115E-2	0,144
30,700		
30,733		
30,767		
30,800		
30,833	1,114E-2	0,143
30,867		
30,900		
30,933		
30,967		
31,000	1,113E-2	0,143
31,033		
31,067		
31,100		
31,133		
31,167	1,109E-2	0,142
31,200		
31,233		
31,267		
31,300		
31,333	1,106E-2	0,141
31,367		
31,400		
31,433		
31,467		
31,500	1,102E-2	0,140
31,533		
31,567		
31,600		
31,633		
31,667	1,099E-2	0,140
31,700		
31,733		
31,767		
31,800		
31,833	1,093E-2	0,139
31,867		
31,900		
31,933		
31,967		
32,000	1,093E-2	0,139
32,033		
32,067		
32,100		
32,133		
32,167	1,087E-2	0,139
32,200		
32,233		
32,267		
32,300		
32,333	1,084E-2	0,138
32,367		
32,400		
32,433		
32,467		
32,500	1,081E-2	0,138
32,533		
32,567		
32,600		
32,633		
32,667	1,088E-2	0,137
32,700		
32,733		
32,767		
32,800		
32,833	1,088E-2	0,137
32,867		
32,900		
32,933		
32,967		
33,000	1,095E-2	0,136
33,033		
33,067		
33,100		
33,133		
33,167	1,094E-2	0,136
33,200		
33,233		
33,267		
33,300		
33,333	1,108E-2	0,136
33,367		
33,400		
33,433		
33,467		
33,500	1,106E-2	0,135
33,533		
33,567		
33,600		
33,633		
33,667	1,104E-2	0,135
33,700		
33,733		
33,767		
33,800		
33,833	1,104E-2	0,135
33,867		
33,900		
33,933		
33,967		
34,000	1,078E-2	0,133
34,033		
34,067		
34,100		
34,133		
34,167	1,096E-2	0,133
34,200		
34,233		
34,267		
34,300		
34,333	1,094E-2	0,132
34,367		
34,400		
34,433		
34,467		
34,500	1,092E-2	0,132
34,533		
34,567		
34,600		
34,633		
34,667	1,088E-2	0,131
34,700		
34,733		
34,767		
34,800		
34,833	1,085E-2	0,130
34,867		
34,900		
34,933		
34,967		
35,000	1,082E-2	0,129
35,033		
35,067		
35,100		
35,133		
35,167	1,098E-2	0,128
35,200		
35,233		
35,267		
35,300		
35,333	1,097E-2	0,128
35,367		
35,400		
35,433		
35,467		
35,500	1,097E-2	0,128
35,533		
35,567		
35,600		
35,633		
35,667	1,097E-2	0,128
35,700		
35,733		
35,767		
35,800		
35,833	1,096E-2	0,128
35,867		
35,900		
35,933		
35,967		
36,000	1,083E-2	0,127
36,033		
36,067		
36,100		
36,133		
36,167	1,087E-2	0,127
36,200		
36,233		
36,267		
36,300		
36,333	1,094E-2	0,126
36,367		
36,400		
36,433		
36,467		
36,500	1,093E-2	0,126
36,533		
36,567		
36,600		
36,633		
36,667	1,092E-2	0,126
36,700		
36,733		
36,767		
36,800		
36,833	1,090E-2	0,125
36,867		
36,900		
36,933		
36,967		
37,000	1,094E-2	0,125
37,033		
37,067		
37,100		
37,133		
37,167	1,102E-2	0,124
37,200		
37,233		
37,267		
37,300		
37,333	1,105E-2	0,124
37,367		
37,400		
37,433		
37,467		
37,500	1,114E-2	0,124
37,533		
37,567		
37,600		
37,633		
37,667	1,112E-2	0,123
37,700		
37,733		
37,767		
37,800		
37,833	1,115E-2	0,123
37,867		
37,900		
37,933		
37,967		
38,000	1,118E-2	0,122
38,033		
38,067		
38,100		
38,133		
38,167	1,119E-2	0,121
38,200		
38,233		
38,267		
38,300		
38,333	1,130E-2	0,120
38,367		
38,400		
38,433		
38,467		
38,500	1,137E-2	0,120
38,533		
38,567		
38,600		
38,633		
38,667	1,136E-2	0,119
38,700		
38,733		
38,767		
38,800		
38,833	1,133E-2	0,119
38,867		
38,900		
38,933		
38,967		
39,000	1,132E-2	0,118
39,033		
39,067		
39,100		
39,133		
39,167	1,130E-2	0,118
39,200		
39,233		
39,267		
39,300		
39,333	1,143E-2	0,118
39,367		
39,400		
39,433		
39,467		
39,500	1,141E-2	0,117
39,533		
39,567		
39,600		
39,633		
39,667	1,138E-2	0,116
39,700		
39,733		
39,767		
39,800		
39,833	1,129E-2	0,115
39,867		
39,900		
39,933		
39,967		
40,000	1,123E-2	0,115
40,033		
40,067		
40,100		
40,133		
40,167	1,123E-2	0,115
40,200		
40,233		
40,267		
40,300		
40,333	1,122E-2	0,115
40,367		
40,400		
40,433		
40,467		
40,500	1,121E-2	0,114
40,533		
40,567		
40,600		
40,633		
40,667	1,119E-2	0,114
40,700		
40,733		
40,767		
40,800		
40,833	1,118E-2	0,114
40,867		
40,900		
40,933		
40,967		
41,000	1,134E-2	0,113
41,033		
41,067		
41,100		
41,133		
41,167	1,133E-2	0,112
41,200		
41,233		
41,267		
41,300		
41,333	1,130E-2	0,112
41,367		
41,400		
41,433		
41,467		
41,500	1,127E-2	0,111
41,533		
41,567		
41,600		
41,633		
41,667	1,125E-2	0,111
41,700		
41,733		
41,767		
41,800		
41,833	1,141E-2	0,109
41,867		
41,900		
41,933		
41,967		
42,000	1,141E-2	0,109
42,033		
42,067		
42,100		
42,133		
42,167	1,139E-2	0,109
42,200		
42,233		
42,267		
42,300		
42,333	1,128E-2	0,109
42,367		
42,400		
42,433		
42,467		
42,500	1,136E-2	0,108
42,533		
42,567		
42,600		
42,633		
42,667	1,135E-2	0,108
42,700		
42,733		
42,767		
42,800		
42,833	1,135E-2	0,108
42,867		
42,900		
42,933		
42,967		
43,000	1,133E-2	0,108
43,033		
43,067		
43,100		
43,133		
43,167	1,150E-2	0,107
43,200		
43,233		
43,267		
43,300		
43,333	1,150E-2	0,107
43,367		
43,400		
43,433		
43,467		
43,500	1,142E-2	0,106
43,533		
43,567		
43,600		
43,633		
43,667	1,139E-2	0,105
43,700		
43,733		
43,767		
43,800		
43,833	1,140E-2	0,104
43,867		
43,900		
43,933		
43,967		
44,000	1,138E-2	0,104
44,033		
44,067		
44,100		
44,133		
44,167	1,135E-2	0,103
44,200		
44,233		
44,267		
44,300		
44,333	1,134E-2	0,103
44,367		
44,400		
44,433		
44,467		
44,500	1,131E-2	0,102
44,533		
44,567		
44,600		
44,633		
44,667	1,129E-2	0,102
44,700		
44,733		
44,767		
44,800		
44,833	1,148E-2	0,101
44,867		
44,900		
44,933		
44,967		
45,000	1,126E-2	0,101
45,033		
45,067		
45,100		
45,133		
45,167	1,125E-2	0,101
45,200		
45,233		
45,267		
45,300		
45,333	1,123E-2	0,100
45,367		
45,400		
45,433		
45,467		
45,500	1,122E-2	9,998E-2
45,533		
45,567		
45,600		
45,633		
45,667	1,121E-2	9,954E-2
45,700		
45,733		
45,767		
45,800		
45,833	1,112E-2	9,870E-2
45,867		
45,900		
45,933		
45,967		
46,000	1,111E-2	9,826E-2
46,033		
46,067		
46,100		
46,133		
46,167	1,110E-2	9,806E-2
46,200		
46,233		
46,267		
46,300		
46,333	1,113E-2	9,771E-2
46,367		
46,400		
46,433		
46,467		
46,500	1,112E-2	9,732E-2
46,533		
46,567		
46,600		
46,633		
46,667	1,111E-2	9,702E-2
46,700		
46,733		
46,767		
46,800		
46,833	1,109E-2	9,673E-2
46,867		
46,900		
46,933		
46,967		
47,000	1,107E-2	9,604E-2
47,033		
47,067		
47,100		
47,133		
47,167	1,104E-2	9,545E-2
47,200		
47,233		
47,267		
47,300		
47,333	1,091E-2	9,466E-2
47,367		
47,400		
47,433		
47,467		
47,500	1,084E-2	9,274E-2
47,533		
47,567		
47,600		
47,633		
47,667	1,084E-2	9,274E-2
47,700		
47,733		
47,767		
47,800		
47,833	1,082E-2	9,230E-2
47,867		
47,900		
47,933		
47,967		
48,000	1,081E-2	9,200E-2
48,033		
48,067		
48,100		
48,133		
48,167	1,088E-2	9,150E-2
48,200		
48,233		
48,267		
48,300		
48,333	1,086E-2	9,101E-2
48,367		
48,400		
48,433		
48,467		
48,500	1,086E-2	9,101E-2
48,533		
48,567		
48,600		
48,633		
48,667	1,085E-2	9,057E-2
48,700		
48,733		
48,767		
48,800		
48,833	1,084E-2	9,042E-2
48,867		
48,900		
48,933		
48,967		
49,000	1,083E-2	9,012E-2
49,033		
49,067		
49,100		
49,133		
49,167	1,082E-2	8,988E-2
49,200		
49,233		
49,267		
49,300		
49,333	1,080E-2	8,933E-2
49,367		
49,400		
49,433		
49,467		
49,500	1,078E-2	8,899E-2
49,533		
49,567		
49,600		
49,633		
49,667	1,077E-2	8,855E-2
49,700		
49,733		
49,767		
49,800		
49,833	1,075E-2	8,815E-2
49,867		
49,900		
49,933		
49,967		
50,000	1,073E-2	8,771E-2
50,033		
50,067		
50,100		
50,133		
50,167	1,082E-2	8,746E-2
50,200		
50,233		
50,267		
50,300		
50,333	1,080E-2	8,696E-2
50,367		
50,400		
50,433		
50,467		
50,500	1,105E-2	8,577E-2
50,533		
50,567		
50,600		
50,633		
50,667	1,103E-2	8,528E-2
50,700		
50,733		
50,767		
50,800		
50,833	1,081E-2	8,464E-2
50,867		
50,900		
50,933		
50,967		
51,000	1,063E-2	8,391E-2
51,033		
51,067		
51,100		
51,133		
51,167	1,055E-2	8,327E-2
51,200		
51,233		
51,267		
51,300		
51,333	1,054E-2	8,302E-2
51,367		
51,400		
51,433		
51,467		
51,500	1,054E-2	8,302E-2
51,533		
51,567		
51,600		
51,633		
51,667	1,054E-2	8,283E-2
51,700		
51,733		
51,767		
51,800		
51,833	1,054E-2	8,283E-2
51,867		
51,900		
51,933		
51,967		
52,000	1,051E-2	8,228E-2
52,033		
52,067		
52,100		
52,133		
52,167	1,049E-2	8,174E-2
52,200		
52,233		
52,267		
52,300		
52,333	1,046E-2	8,095E-2
52,367		
52,400		
52,433		
52,467		
52,500	1,043E-2	8,016E-2
52,533		
52,567		
52,600		
52,633		
52,667	1,042E-2	7,987E-2
52,700		
52,733		
52,767		
52,800		
52,833	1,042E-2	7,987E-2
52,867		
52,900		
52,933		
52,967		
53,000	1,041E-2	7,977E-2
53,033		
53,067		
53,100		
53,133		
53,167	1,034E-2	7,928E-2
53,200		
53,233		
53,267		
53,300		
53,333	1,028E-2	7,894E-2
53,367		
53,400		
53,433		
53,467		
53,500	1,050E-2	7,833E-2
53,533		
53,567		
53,600		
53,633		
53,667	1,050E-2	7,814E-2
53,700		
53,733		
53,767		
53,800		
53,833	1,048E-2	7,784E-2
53,867		
53,900		
53,933		
53,967		
54,000	1,047E-2	7,745E-2
54,033		
54,067		
54,100		
54,133		
54,167	1,044E-2	7,686E-2
54,200		
54,233		
54,267		
54,300		
54,333	1,042E-2	7,621E-2
54,367		
54,400		
54,433		
54,467		
54,500	1,040E-2	7,577E-2
54,533		
54,567		
54,600		
54,633		
54,667	1,038E-2	7,523E-2
54,700		
54,733		
54,767		
54,800		
54,833	1,031E-2	7,469E-2
54,867		
54,900		
54,933		
54,967		
55,000	1,039E-2	7,419E-2
55,033		
55,067		
55,100		
55,133		
55,167	1,037E-2	7,380E-2
55,200		
55,233		
55,267		
55,300		
55,333	1,035E-2	7,340E-2
55,367		
55,400		
55,433		
55,467		
55,500	1,034E-2	7,311E-2
55,533		
55,567		
55,600		
55,633		
55,667	1,047E-2	7,266E-2
55,700		
55,733		
55,767		
55,800		
55,833	1,045E-2	7,207E-2
55,867		
55,900		
55,933		
55,967		
56,000	1,038E-2	7,153E-2
56,033		
56,067		
56,100		
56,133		
56,167	1,035E-2	7,084E-2
56,200		
56,233		
56,267		
56,300		
56,333	1,034E-2	7,064E-2
56,367		
56,400		
56,433		
56,467		
56,500	1,034E-2	7,059E-2
56,533		
56,567		
56,600		
56,633		
56,667	1,033E-2	7,029E-2
56,700		
56,733		
56,767		
56,800		
56,833	1,031E-2	6,995E-2
56,867		
56,900		
56,933		
56,967		
57,000	1,031E-2	6,980E-2
57,033		
57,067		
57,100		
57,133		
57,167	1,030E-2	6,960E-2
57,200		
57,233		
57,267		
57,300		
57,333	1,018E-2	6,902E-2
57,367		
57,400		
57,433		
57,467		
57,500	1,015E-2	6,828E-2
57,533		
57,567		
57,600		
57,633		
57,667	1,013E-2	6,793E-2
57,700		
57,733		
57,767		
57,800		
57,833	1,016E-2	6,729E-2
57,867		
57,900		
57,933		
57,967		
58,000	1,009E-2	6,675E-2
58,033		
58,067		
58,100		
58,133		
58,167	1,006E-2	6,616E-2
58,200		
58,233		
58,267		
58,300		
58,333	1,006E-2	6,596E-2
58,367		
58,400		
58,433		
58,467		
58,500	9,985E-3	6,542E-2
58,533		
58,567		
58,600		
58,633		
58,667	9,985E-3	6,542E-2
58,700		
58,733		
58,767		
58,800		
58,833	9,985E-3	6,542E-2
58,867		
58,900		
58,933		
58,967		
59,000	9,977E-3	6,522E-2
59,033		
59,067		
59,100		
59,133		
59,167	9,957E-3	6,473E-2
59,200		
59,233		
59,267		
59,300		
59,333	9,939E-3	6,428E-2
59,367		
59,400		
59,433		
59,467		
59,500	9,969E-3	6,379E-2
59,533		
59,567		
59,600		
59,633		
59,667	1,000E-2	6,334E-2
59,700		
59,733		
59,767		
59,800		
59,833	9,961E-3	6,236E-2
59,867		
59,900		
59,933		
59,967		
60,000	9,941E-3	6,187E-2
60,033		
60,067		
60,100		
60,133		
60,167	9,941E-3	6,187E-2
60,200		
60,233		
60,267		
60,300		
60,333	9,978E-3	6,157E-2
60,367		
60,400		
60,433		
60,467		
60,500	9,943E-3	6,068E-2
60,533		
60,567		
60,600		
60,633		
60,667	9,929E-3	6,034E-2
60,700		
60,733		
60,767		
60,800		
60,833	1,001E-2	5,989E-2
60,867		
60,900		
60,933		
60,967		
61,000	9,980E-3	5,915E-2
61,033		
61,067		
61,100		
61,133		
61,167	9,976E-3	5,905E-2
61,200		
61,233		
61,267		
61,300		
61,333	9,956E-3	5,856E-2
61,367		
61,400		
61,433		
61,467		
61,500	9,952E-3	5,846E-2
61,533		
61,567		
61,600		
61,633		
61,667	9,948E-3	5,836E-2
61,700		
61,733		
61,767		
61,800		
61,833	9,936E-3	5,806E-2
61,867		
61,900		
61,933		
61,967		
62,000	9,974E-3	5,777E-2
62,033		
62,067		
62,100		
62,133		
62,167	9,966E-3	5,757E-2
62,200		
62,233		
62,267		
62,300		
62,333	9,881E-3	5,668E-2
62,367		
62,400		
62,433		
62,467		
62,500	9,871E-3	5,644E-2
62,533		
62,567		
62,600		
62,633		
62,667	9,841E-3	5,570E-2
62,700		
62,733		
62,767		
62,800		
62,833	9,823E-3	5,525E-2
62,867		
62,900		
62,933		
62,967		
63,000	9,800E-3	5,466E-2
63,033		
63,067		
63,100		
63,133		
63,167	9,778E-3	5,412E-2
63,200		
63,233		
63,267		
63,300		
63,333	9,768E-3	5,387E-2
63,367		
63,400		
63,433		
63,467		
63,500	9,703E-3	5,348E-2
63,533		
63,567		
63,600		
63,633		
63,667	9,689E-3	5,314E-2
63,700		
63,733		
63,767		
63,800		
63,833	9,689E-3	5,314E-2
63,867		
63,900		
63,933		
63,967		
64,000	9,683E-3	5,299E-2
64,033		
64,067		
64,100		
64,133		
64,167	9,673E-3	5,274E-2
64,200		
64,233		
64,267		
64,300		
64,333	9,458E-3	5,231E-2
64,367		
64,400		
64,433		
64,467		
64,500	9,452E-3	5,216E-2
64,533		
64,567		
64,600		
64,633		
64,667	9,446E-3	5,201E-2
64,700		
64,733		
64,767		
64,800		
64,833	9,440E-3	5,186E-2
64,867		
64,900		
64,933		
64,967		
65,000	9,462E-3	5,117E-2
65,033		
65,067		
65,100		
65,133		
65,167	9,501E-3	5,092E-2
65,200		
65,233		
65,267		
65,300		
65,333	9,501E-3	5,092E-2
65,367		
65,400		
65,433		
65,467		
65,500	9,477E-3	5,033E-2
65,533		
65,567		
65,600		
65,633		
65,667	9,477E-3	5,033E-2
65,700		
65,733		
65,767		
65,800		
65,833	9,444E-3	4,949E-2
65,867		
65,900		
65,933		
65,967		
66,000	9,444E-3	4,949E-2
66,033		
66,067		
66,100		
66,133		
66,167	9,414E-3	4,875E-2
66,200		
66,233		
66,267		
66,300		
66,333	9,414E-3	4,875E-2
66,367		
66,400		
66,433		
66,467		
66,500	9,406E-3	4,856E-2
66,533		
66,567		
66,600		
66,633		
66,667	9,394E-3	4,826E-2
66,700		
66,733		
66,767		
66,800		
66,833	9,390E-3	4,816E-2
66,867		
66,900		
66,933		
66,967		
67,000	9,374E-3	4,777E-2
67,033		
67,067		
67,100		
67,133		
67,167	9,307E-3	4,732E-2
67,200		
67,233		
67,267		
67,300		
67,333	9,307E-3	4,732E-2
67,367		
67,400		
67,433		
67,467		
67,500	9,295E-3	4,703E-2
67,533		
67,567		
67,600		
67,633		
67,667	9,325E-3	4,653E-2
67,700		
67,733		
67,767		
67,800		
67,833	9,305E-3	4,604E-2
67,867		
67,900		
67,933		
67,967		
68,000	9,293E-3	4,575E-2
68,033		
68,067		
68,100		
68,133		
68,167	9,376E-3	4,535E-2
68,200		
68,233		
68,267		
68,300		
68,333	9,417E-3	4,515E-2
68,367		
68,400		
68,433		
68,467		
68,500	9,411E-3	4,500E-2
68,533		
68,567		
68,600		
68,633		
68,667	9,388E-3	4,441E-2
68,700		
68,733		
68,767		
68,800		
68,833	9,421E-3	4,401E-2
68,867		
68,900		
68,933		
68,967		
69,000	9,399E-3	4,347E-2
69,033		
69,067		
69,100		
69,133		
69,167	9,380E-3	4,298E-2
69,200		
69,233		
69,267		
69,300		
69,333	9,358E-3	4,243E-2
69,367		
69,400		
69,433		
69,467		
69,500	9,354E-3	4,234E-2
69,533		
69,567		
69,600		
69,633		
69,667	9,342E-3	4,204E-2
69,700		
69,733		
69,767		
69,800		
69,833	9,328E-3	4,169E-2
69,867		
69,900		
69,933		
69,967		
70,000	9,356E-3	4,115E-2
70,033		
70,067		
70,100		
70,133		
70,167	9,354E-3	4,110E-2
70,200		
70,233		
70,267		
70,300		
70,333	9,527E-3	4,050E-2
70,367		
70,400		
70,433		
70,467		
70,500	9,517E-3	4,026E-2
70,533		
70,567		
70,600		
70,633		
70,667	9,517E-3	4,026E-2
70,700		
70,733		
70,767		
70,800		
70,833	9,517E-3	4,026E-2
70,867		
70,900		
70,933		
70,967		
71,000	9,517E-3	4,026E-2
71,033		
71,067		
71,100		
71,133		
71,167	9,501E-3	3,986E-2
71,200		
71,233		
71,267		
71,300		
71,333	9,472E-3	3,912E-2
71,367		
71,400		
71,433		
71,467		
71,500	9,590E-3	3,838E-2
71,533		
71,567		
71,600		
71,633		
71,667	9,586E-3	3,828E-2
71,700		
71,733		
71,767		
71,800		
71,833	9,572E-3	3,793E-2
71,867		
71,900		
71,933		
71,967		
72,000	9,546E-3	3,729E-2
72,033		
72,067		
72,100		
72,133		
72,167	9,515E-3	3,650E-2
72,200		
72,233		
72,267		
72,300		
72,333	9,499E-3	3,611E-2
72,367		
72,400		
72,433		
72,467		
72,500	9,234E-3	3,567E-2
72,533		
72,567		
72,600		
72,633		
72,667	9,268E-3	3,528E-2
72,700		
72,733		
72,767		
72,800		
72,833	9,386E-3	3,453E-2
72,867		
72,900		
72,933		
72,967		
73,000	9,370E-3	3,414E-2
73,033		
73,067		
73,100		
73,133		
73,167	9,366E-3	3,404E-2
73,200		
73,233		
73,267		
73,300		
73,333	9,398E-3	3,359E-2
73,367		
73,400		
73,433		
73,467		
73,500	9,384E-3	3,325E-2
73,533		
73,567		
73,600		
73,633		
73,667	9,516E-3	3,285E-2
73,700		
73,733		
73,767		
73,800		
73,833	9,504E-3	3,255E-2
73,867		
73,900		
73,933		
73,967		
74,000	9,429E-3	3,191E-2
74,033		
74,067		
74,100		
74,133		
74,167	9,429E-3	3,191E-2
74,200		
74,233		
74,267		
74,300		
74,333	9,419E-3	3,167E-2
74,367		
74,400		
74,433		
74,467		
74,500	9,413E-3	3,152E-2
74,533		
74,567		
74,600		
74,633		
74,667	9,413E-3	3,152E-2
74,700		
74,733		
74,767		
74,800		
74,833	9,405E-3	3,132E-2
74,867		
74,900		
74,933		
74,967		
75,000	9,385E-3	3,083E-2
75,033		
75,067		
75,100		
75,133		
75,167	9,427E-3	3,063E-2
75,200		
75,233		
75,267		
75,300		
75,333	9,464E-3	3,033E-2
75,367		
75,400		
75,433		
75,467		
75,500	9,454E-3	3,009E-2
75,533		
75,567		
75,600		
75,633		
75,667	9,454E-3	3,009E-2
75,700		
75,733		
75,767		
75,800		
75,833	9,488E-3	2,969E-2
75,867		
75,900		
75,933		
75,967		
76,000	9,488E-3	2,969E-2
76,033		
76,067		
76,100		
76,133		
76,167	9,482E-3	2,954E-2
76,200		
76,233		
76,267		
76,300		
76,333	9,478E-3	2,944E-2
76,367		
76,400		
76,433		
76,467		
76,500	9,470E-3	2,925E-2
76,533		
76,567		
76,600		
76,633		
76,667	9,500E-3	2,875E-2
76,700		
76,733		
76,767		
76,800		
76,833	9,580E-3	2,830E-2
76,867		
76,900		
76,933		
76,967		
77,000	9,574E-3	2,816E-2
77,033		
77,067		
77,100		
77,133		
77,167	9,559E-3	2,776E-2
77,200		
77,233		
77,267		
77,300		
77,333	9,559E-3	2,776E-2
77,367		
77,400		
77,433		
77,467		
77,500	9,545E-3	2,742E-2
77,533		
77,567		
77,600		
77,633		
77,667	9,545E-3	2,742E-2
77,700		
77,733		
77,767		
77,800		
77,833	9,517E-3	2,673E-2
77,867		
77,900		
77,933		
77,967		
78,000	9,517E-3	2,673E-2
78,033		
78,067		
78,100		
78,133		
78,167	9,487E-3	2,599E-2
78,200		
78,233		
78,267		
78,300		
78,333	9,404E-3	2,515E-2
78,367		
78,400		
78,433		
78,467		
78,500	9,402E-3	2,510E-2
78,533		
78,567		
78,600		
78,633		
78,667	9,402E-3	2,510E-2
78,700		
78,733		
78,767		
78,800		
78,833	9,375E-3	2,441E-2
78,867		
78,900		
78,933		
78,967		
79,000	9,375E-3	2,441E-2
79,033		
79,067		
79,100		
79,133		
79,167	9,375E-3	2,441E-2
79,200		
79,233		
79,267		
79,300		
79,333	9,347E-3	2,372E-2
79,367		
79,400		
79,433		
79,467		
79,500	9,347E-3	2,372E-2
79,533		
79,567		
79,600		
79,633		
79,667	9,339E-3	2,352E-2
79,700		
79,733		
79,767		
79,800		
79,833	9,321E-3	2,308E-2
79,867		
79,900		
79,933		
79,967		
80,000	9,321E-3	2,308E-2
80,033		
80,067		
80,100		
80,133		
80,167	9,301E-3	2,259E-2
80,200		
80,233		
80,267		
80,300		
80,333	9,291E-3	2,234E-2
80,367		
80,400		
80,433		
80,467		
80,500	9,280E-3	2,204E-2
80,533		
80,567		
80,600		
80,633		
80,667	9,280E-3	2,204E-2
80,700		
80,733		
80,767		
80,800		
80,833	9,280E-3	2,204E-2
80,867		
80,900		
80,933		
80,967		
81,000	9,270E-3	2,180E-2
81,033		
81,067		
81,100		
81,133		
81,167	9,270E-3	2,180E-2
81,200		
81,233		
81,267		
81,300		
81,333	9,256E-3	2,145E-2
81,367		
81,400		
81,433		
81,467		
81,500	9,248E-3	2,126E-2
81,533		
81,567		
81,600		
81,633		
81,667	9,415E-3	2,051E-2
81,700		
81,733		
81,767		
81,800		
81,833	9,415E-3	2,051E-2
81,867		
81,900		
81,933		
81,967		
82,000	9,413E-3	2,046E-2
82,033		
82,067		
82,100		
82,133		
82,167	9,399E-3	2,011E-2
82,200		
82,233		
82,267		
82,300		
82,333	9,399E-3	2,011E-2
82,367		
82,400		
82,433		
82,467		
82,500	9,382E-3	1,967E-2
82,533		
82,567		
82,600		
82,633		
82,667	9,382E-3	1,967E-2
82,700		
82,733		
82,767		
82,800		
82,833	9,364E-3	1,923E-2
82,867		
82,900		
82,933		
82,967		
83,000	9,364E-3	1,923E-2
83,033		
83,067		
83,100		
83,133		
83,167	9,350E-3	1,888E-2
83,200		
83,233		
83,267		
83,300		
83,333	9,433E-3	1,848E-2
83,367		
83,400		
83,433		
83,467		
83,500	9,573E-3	1,828E-2
83,533		
83,567		
83,600		
83,633		
83,667	9,573E-3	1,828E-2
83,700		
83,733		
83,767		
83,800		
83,833	9,565E-3	1,808E-2
83,867		
83,900		
83,933		
83,967		
84,000	9,559E-3	1,794E-2
84,033		
84,067		
84,100		
84,133		
84,167	9,547E-3	1,764E-2
84,200		
84,233		
84,267		
84,300		
84,333	9,547E-3	1,764E-2
84,367		
84,400		
84,433		
84,467		
84,500	9,547E-3	1,764E-2
84,533		
84,567		
84,600		
84,633		
84,667	9,539E-3	1,744E-2
84,700		
84,733		
84,767		
84,800		
84,833	9,527E-3	1,715E-2
84,867		
84,900		
84,933		
84,967		
85,000	9,525E-3	1,710E-2
85,033		
85,067		
85,100		
85,133		
85,167	9,525E-3	1,710E-2
85,200		
85,233		
85,267		
85,300		
85,333	9,525E-3	1,710E-2
85,367		
85,400		
85,433		
85,467		
85,500	9,517E-3	1,690E-2
85,533		
85,567		
85,600		
85,633		
85,667	9,494E-3	1,631E-2
85,700		
85,733		
85,767		
85,800		
85,833	9,488E-3	1,616E-2
85,867		
85,900		
85,933		
85,967		
86,000	9,464E-3	1,557E-2
86,033		
86,067		
86,100		
86,133		
86,167	9,464E-3	1,557E-2
86,200		
86,233		
86,267		
86,300		
86,333	9,543E-3	1,507E-2
86,367		
86,400		
86,433		
86,467		
86,500	9,533E-3	1,483E-2
86,533		
86,567		
86,600		
86,633		
86,667	9,513E-3	1,433E-2
86,700		
86,733		
86,767		
86,800		
86,833	9,513E-3	1,433E-2
86,867		
86,900		
86,933		
86,967		
87,000	9,503E-3	1,409E-2
87,033		
87,067		
87,100		
87,133		
87,167	9,481E-3	1,354E-2
87,200		
87,233		
87,267		
87,300		
87,333	9,515E-3	1,315E-2
87,367		
87,400		
87,433		
87,467		
87,500	9,489E-3	1,251E-2
87,533		
87,567		
87,600		
87,633		
87,667	9,536E-3	1,246E-2
87,700		
87,733		
87,767		
87,800		
87,833	9,520E-3	1,206E-2
87,867		
87,900		
87,933		
87,967		
88,000	9,520E-3	1,206E-2
88,033		
88,067		
88,100		
88,133		
88,167	9,441E-3	1,132E-2
88,200		
88,233		
88,267		
88,300		
88,333	9,441E-3	1,132E-2
88,367		
88,400		
88,433		
88,467		
88,500	9,441E-3	1,132E-2
88,533		
88,567		
88,600		
88,633		
88,667	9,414E-3	1,063E-2
88,700		
88,733		
88,767		
88,800		
88,833	9,414E-3	1,063E-2
88,867		
88,900		
88,933		
88,967		
89,000	9,414E-3	1,063E-2
89,033		
89,067		
89,100		
89,133		
89,167	9,412E-3	1,058E-2
89,200		
89,233		
89,267		
89,300		
89,333	9,412E-3	1,058E-2
89,367		
89,400		
89,433		
89,467		
89,500	9,400E-3	1,029E-2
89,533		
89,567		
89,600		
89,633		
89,667	9,400E-3	1,029E-2
89,700		
89,733		
89,767		
89,800		
89,833	9,372E-3	9,598E-3
89,867		
89,900		
89,933		
89,967		
90,000	9,372E-3	9,598E-3
90,033		
90,067		
90,100		
90,133		
90,167	9,372E-3	9,598E-3
90,200		
90,233		
90,267		
90,300		
90,333	9,356E-3	9,203E-3
90,367		
90,400		
90,433		
90,467		
90,500	9,356E-3	9,203E-3
90,533		
90,567		
90,600		
90,633		
90,667	9,356E-3	9,203E-3
90,700		
90,733		
90,767		
90,800		
90,833	9,356E-3	9,203E-3
90,867		
90,900		
90,933		
90,967		
91,000	9,340E-3	8,809E-3
91,033		
91,067		
91,100		
91,133		
91,167	9,340E-3	8,809E-3
91,200		
91,233		
91,267		
91,300		
91,333	9,325E-3	8,415E-3
91,367		
91,400		
91,433		
91,467		
91,500	9,325E-3	8,415E-3
91,533		
91,567		
91,600		
91,633		
91,667	9,321E-3	8,316E-3
91,700		
91,733		
91,767		
91,800		
91,833	9,321E-3	8,316E-3
91,867		
91,900		
91,933		
91,967		
92,000	9,301E-3	7,823E-3
92,033		
92,067		
92,100		
92,133		
92,167	9,301E-3	7,823E-3
92,200		
92,233		
92,267		
92,300		
92,333	9,301E-3	7,823E-3
92,367		
92,400		
92,433		
92,467		
92,500	9,301E-3	7,823E-3
92,533		
92,567		
92,600		
92,633		
92,667	9,293E-3	7,626E-3
92,700		
92,733		
92,767		
92,800		
92,833	9,293E-3	7,626E-3
92,867		
92,900		
92,933		
92,967		
93,000	9,269E-3	7,034E-3
93,033		
93,067		
93,100		
93,133		
93,167	9,269E-3	7,034E-3
93,200		
93,233		
93,267		
93,300		
93,333	9,251E-3	6,591E-3
93,367		
93,400		
93,433		
93,467		
93,500	9,251E-3	6,591E-3
93,533		
93,567		
93,600		
93,633		
93,667	9,251E-3	6,591E-3
93,700		
93,733		
93,767		
93,800		
93,833	9,251E-3	6,591E-3
93,867		
93,900		
93,933		
93,967		
94,000	9,237E-3	6,246E-3
94,033		
94,067		
94,100		
94,133		
94,167	9,271E-3	5,849E-3
94,200		
94,233		
94,267		
94,300		
94,333	9,269E-3	5,800E-3
94,367		
94,400		
94,433		
94,467		
94,500	9,269E-3	5,800E-3
94,533		
94,567		
94,600		
94,633		
94,667	9,255E-3	5,455E-3
94,700		
94,733		
94,767		
94,800		
94,833	9,255E-3	5,455E-3
94,867		
94,900		
94,933		
94,967		
95,000	9,247E-3	5,258E-3
95,033		
95,067		
95,100		
95,133		
95,167	9,247E-3	5,258E-3
95,200		
95,233		
95,267		
95,300		
95,333	9,247E-3	5,258E-3
95,367		
95,400		
95,433		
95,467		
95,500	9,223E-3	4,666E-3
95,533		
95,567		
95,600		
95,633		
95,667	9,223E-3	4,666E-3
95,700		
95,733		
95,767		
95,800		
95,833	9,214E-3	4,420E-3
95,867		
95,900		
95,933		
95,967		
96,000	9,148E-3	4,027E-3
96,033		
96,067		
96,100		
96,133		
96,167	9,148E-3	4,027E-3
96,200		
96,233		
96,267		
96,300		
96,333	9,148E-3	4,027E-3
96,367		
96,400		
96,433		
96,467		
96,500	9,138E-3	3,781E-3
96,533		
96,567		
96,600		
96,633		
96,667	9,138E-3	3,781E-3
96,700		
96,733		
96,767		
96,800		
96,833	9,138E-3	3,781E-3
96,867		
96,900		
96,933		
96,967		
97,000	9,121E-3	3,337E-3
97,033		
97,067		
97,100		
97,133		
97,167	9,121E-3	3,337E-3
